54794 20200101  2.623  -70.93   43.17     3.3    -1.0     1.2     0.9     0.0     5.86 C     1.0    -6.5    -3.0    90.7    51.9    65.9   0.280   0.246 -99.000 -99.000 -99.000     1.7     1.8 -9999.0 -9999.0 -9999.0
54794 20200102  2.623  -70.93   43.17     4.3    -3.2     0.6    -0.1     0.0     5.32 C     0.8    -8.2    -3.7    85.5    48.6    67.9   0.279   0.245 -99.000 -99.000 -99.000     1.8     1.9 -9999.0 -9999.0 -9999.0
54794 20200103  2.623  -70.93   43.17     6.4    -1.5     2.5     2.4     0.0     2.16 C     1.2    -3.5    -0.6    84.5    57.4    74.3   0.276   0.242 -99.000 -99.000 -99.000     1.9     2.0 -9999.0 -9999.0 -9999.0
54794 20200104  2.623  -70.93   43.17     4.0     0.1     2.0     2.0     6.1     0.96 C     0.5    -0.6     0.1    92.6    83.5    90.7   0.295   0.261 -99.000 -99.000 -99.000     1.8     1.9 -9999.0 -9999.0 -9999.0
54794 20200105  2.623  -70.93   43.17     1.0    -4.8    -1.9    -0.9     4.3     6.58 C     0.0    -9.1    -3.0    91.4    49.3    67.1   0.304   0.267 -99.000 -99.000 -99.000     1.8     1.9 -9999.0 -9999.0 -9999.0
54794 20200106  2.623  -70.93   43.17    -2.2    -9.6    -5.9    -5.4     0.0     4.37 C    -2.0   -13.0    -8.0    88.2    51.4    72.3   0.287   0.252 -99.000 -99.000 -99.000     1.3     1.6 -9999.0 -9999.0 -9999.0
54794 20200107  2.623  -70.93   43.17     2.9    -8.3    -2.7    -2.3     0.0     6.35 C     1.1   -12.4    -6.1    87.9    39.2    65.3   0.275   0.241 -99.000 -99.000 -99.000     0.9     1.2 -9999.0 -9999.0 -9999.0
54794 20200108  2.623  -70.93   43.17     4.4    -4.9    -0.2    -0.7     3.4     5.89 C     1.0    -9.7    -3.1    86.7    40.3    65.8   0.271   0.237 -99.000 -99.000 -99.000     0.9     1.2 -9999.0 -9999.0 -9999.0
54794 20200109  2.623  -70.93   43.17    -4.2   -10.3    -7.3    -7.6     0.0     7.53 C    -5.5   -14.7   -10.3    66.8    33.4    47.9   0.269   0.236 -99.000 -99.000 -99.000     1.0     1.3 -9999.0 -9999.0 -9999.0
54794 20200110  2.623  -70.93   43.17     7.0   -10.7    -1.9    -0.6     0.0     3.84 C     1.2   -12.1    -3.5    87.2    49.9    69.3   0.267   0.234 -99.000 -99.000 -99.000     0.9     1.1 -9999.0 -9999.0 -9999.0
54794 20200111  2.623  -70.93   43.17    17.8     0.2     9.0    10.0     0.0     5.33 C     8.2    -0.8     2.8    91.9    48.4    72.6   0.312   0.277 -99.000 -99.000 -99.000     1.2     1.1 -9999.0 -9999.0 -9999.0
54794 20200112  2.623  -70.93   43.17    16.9    -0.1     8.4    10.3     3.4     4.94 C    18.8    -3.8     7.8    88.8    37.8    69.1   0.305   0.267 -99.000 -99.000 -99.000     3.9     3.3 -9999.0 -9999.0 -9999.0
54794 20200113  2.623  -70.93   43.17     0.1    -3.4    -1.7    -2.4     0.4     1.25 C    -0.3    -3.4    -1.7    89.8    53.5    74.8   0.284   0.248 -99.000 -99.000 -99.000     2.3     2.6 -9999.0 -9999.0 -9999.0
54794 20200114  2.623  -70.93   43.17     2.2    -1.9     0.2     0.1     0.0     2.92 C     7.1    -1.7     0.9    91.3    77.6    86.3   0.278   0.243 -99.000 -99.000 -99.000     2.4     2.4 -9999.0 -9999.0 -9999.0
54794 20200115  2.623  -70.93   43.17     7.5    -1.6     2.9     2.1     0.0     5.01 C    14.1    -3.3     1.8    92.7    51.6    77.3   0.274   0.239 -99.000 -99.000 -99.000     2.8     2.8 -9999.0 -9999.0 -9999.0
54794 20200116  2.623  -70.93   43.17     1.9    -5.1    -1.6    -0.4     8.7     1.29 C     0.5    -8.1    -1.5    92.4    52.5    78.4   0.271   0.237 -99.000 -99.000 -99.000     2.2     2.4 -9999.0 -9999.0 -9999.0
54794 20200117  2.623  -70.93   43.17    -5.1   -14.6    -9.8   -10.9     0.0     8.21 C    -8.1   -19.0   -13.2    58.6    29.6    41.8   0.265   0.234 -99.000 -99.000 -99.000     1.2     1.6 -9999.0 -9999.0 -9999.0
54794 20200118  2.623  -70.93   43.17    -8.2   -14.8   -11.5   -11.3    11.6     4.07 C    -6.3   -18.4   -11.5    84.4    40.7    58.3   0.252   0.225 -99.000 -99.000 -99.000     0.6     1.0 -9999.0 -9999.0 -9999.0
54794 20200119  2.623  -70.93   43.17     4.5   -10.9    -3.2    -4.2     2.5     8.83 C     1.2   -16.1    -6.7    86.3    43.7    66.5   0.247   0.226 -99.000 -99.000 -99.000     0.5     0.8 -9999.0 -9999.0 -9999.0
54794 20200120  2.623  -70.93   43.17    -3.8   -10.0    -6.9    -7.7     0.0     8.24 C    -5.5   -17.7   -11.7    54.9    24.7    40.1   0.249   0.226 -99.000 -99.000 -99.000     0.5     0.8 -9999.0 -9999.0 -9999.0
54794 20200121  2.623  -70.93   43.17    -4.5   -15.3    -9.9    -9.7     0.0     8.29 C    -4.0   -23.0   -15.2    67.5    32.2    48.6   0.250   0.226 -99.000 -99.000 -99.000     0.5     0.8 -9999.0 -9999.0 -9999.0
54794 20200122  2.623  -70.93   43.17     1.5   -16.3    -7.4    -7.6     0.0     8.29 C    -0.9   -20.7   -12.1    81.8    40.0    62.8 -99.000   0.227 -99.000 -99.000 -99.000     0.5     0.8 -9999.0 -9999.0 -9999.0
54794 20200123  2.623  -70.93   43.17     5.6   -14.2    -4.3    -4.3     0.0     7.06 C     0.6   -18.6    -9.4    84.7    26.0    63.7   0.252   0.227 -99.000 -99.000 -99.000     0.5     0.8 -9999.0 -9999.0 -9999.0
54794 20200124  2.623  -70.93   43.17     5.3    -5.2     0.0     0.7     0.0     7.35 C     1.3    -9.9    -2.7    81.7    43.0    68.0   0.254   0.226 -99.000 -99.000 -99.000     0.6     0.8 -9999.0 -9999.0 -9999.0
54794 20200125  2.623  -70.93   43.17     6.9     1.4     4.2     3.2    32.4     1.67 C     4.2     0.0     0.7    91.5    68.4    81.4   0.280   0.245 -99.000 -99.000 -99.000     0.7     0.8 -9999.0 -9999.0 -9999.0
54794 20200126  2.623  -70.93   43.17     7.9     0.9     4.4     4.1     1.4     6.77 C    16.5    -3.7     2.9    92.7    42.1    72.2   0.308   0.266 -99.000 -99.000 -99.000     1.2     1.2 -9999.0 -9999.0 -9999.0
54794 20200127  2.623  -70.93   43.17     6.6    -0.4     3.1     3.3     0.0     5.54 C    16.7    -2.5     2.3    79.8    45.1    62.3   0.286   0.249 -99.000 -99.000 -99.000     1.6     1.6 -9999.0 -9999.0 -9999.0
54794 20200128  2.623  -70.93   43.17     3.8    -0.7     1.5     1.7     0.0     3.88 C    11.7    -2.0     1.4    68.0    46.1    56.0   0.278   0.242 -99.000 -99.000 -99.000     1.9     2.0 -9999.0 -9999.0 -9999.0
54794 20200129  2.623  -70.93   43.17     3.1    -5.8    -1.4    -1.5     0.0     9.59 C    10.9   -10.6    -2.5    76.2    20.4    45.5   0.271   0.237 -99.000 -99.000 -99.000     1.2     1.5 -9999.0 -9999.0 -9999.0
54794 20200130  2.623  -70.93   43.17     0.5   -10.5    -5.0    -5.1     0.0     9.62 C     9.0   -13.1    -5.3    74.6    23.4    50.4   0.259   0.230 -99.000 -99.000 -99.000     0.6     0.9 -9999.0 -9999.0 -9999.0
54794 20200131  2.623  -70.93   43.17     5.5    -9.4    -1.9    -1.9     0.0     8.69 C    13.7   -11.8    -2.1    79.6    18.3    53.3 -99.000   0.231 -99.000 -99.000 -99.000     0.3     0.6 -9999.0 -9999.0 -9999.0
54794 20200201  2.623  -70.93   43.17     3.3    -2.3     0.5     0.3     0.0     3.26 C    10.9    -5.8     0.2    88.3    57.6    76.5 -99.000   0.228 -99.000 -99.000 -99.000     0.3     0.7 -9999.0 -9999.0 -9999.0
54794 20200202  2.623  -70.93   43.17     3.3    -2.4     0.4     0.1     0.0     3.68 C    10.8    -7.0    -0.6    88.6    45.1    65.7   0.258   0.225 -99.000 -99.000 -99.000     0.5     0.8 -9999.0 -9999.0 -9999.0
54794 20200203  2.623  -70.93   43.17     7.7    -5.4     1.2     1.5     0.0     8.31 C    14.9    -8.3     0.3    85.1    38.7    63.6   0.255   0.224 -99.000 -99.000 -99.000     0.7     1.0 -9999.0 -9999.0 -9999.0
54794 20200204  2.623  -70.93   43.17     5.7    -2.0     1.8     1.1     0.0     3.87 C    12.0    -5.2     1.0    85.9    57.9    75.0   0.256   0.224 -99.000 -99.000 -99.000     1.3     1.4 -9999.0 -9999.0 -9999.0
54794 20200205  2.623  -70.93   43.17     3.4    -3.0     0.2     1.2     0.0     7.18 C    12.1    -6.4     0.8    84.1    27.9    46.8   0.255   0.223 -99.000 -99.000 -99.000     1.8     1.9 -9999.0 -9999.0 -9999.0
54794 20200206  2.623  -70.93   43.17    -0.5    -3.6    -2.0    -2.1    13.6     1.80 C    -0.1    -3.8    -1.8    91.0    46.2    82.5   0.252   0.222 -99.000 -99.000 -99.000     1.1     1.4 -9999.0 -9999.0 -9999.0
54794 20200207  2.623  -70.93   43.17     1.0    -5.7    -2.3    -1.3    11.8     1.87 C    -0.1    -7.8    -1.3    90.9    66.2    85.2   0.267   0.240 -99.000 -99.000 -99.000     1.3     1.4 -9999.0 -9999.0 -9999.0
54794 20200208  2.623  -70.93   43.17    -3.8   -13.1    -8.5    -7.2     0.0    11.52 C    -3.2   -17.9    -9.8    82.2    48.3    66.5   0.282   0.248 -99.000 -99.000 -99.000     1.1     1.3 -9999.0 -9999.0 -9999.0
54794 20200209  2.623  -70.93   43.17    -3.1   -16.6    -9.9    -8.6     0.0    10.03 C    -0.9   -19.8    -9.2    85.4    49.8    71.7   0.264   0.237 -99.000 -99.000 -99.000     0.6     0.8 -9999.0 -9999.0 -9999.0
54794 20200210  2.623  -70.93   43.17     4.2    -4.0     0.1     0.6     5.4     2.15 C     0.6    -5.3    -1.2    92.8    83.1    87.7   0.278   0.253 -99.000 -99.000 -99.000     0.5     0.7 -9999.0 -9999.0 -9999.0
54794 20200211  2.623  -70.93   43.17     1.8    -3.1    -0.6     0.0     0.5     1.45 C     0.5    -6.4    -1.3    93.0    87.9    92.0   0.291   0.258 -99.000 -99.000 -99.000     0.6     0.7 -9999.0 -9999.0 -9999.0
54794 20200212  2.623  -70.93   43.17     4.6    -0.7     1.9     1.7     0.0     9.88 C     3.3    -5.1    -1.2    87.4    34.0    56.2   0.303   0.263 -99.000 -99.000 -99.000     0.7     0.9 -9999.0 -9999.0 -9999.0
54794 20200213  2.623  -70.93   43.17     1.7    -0.4     0.7     0.6    11.4     1.75 C     0.3    -1.2    -0.2    92.2    56.3    87.8   0.295   0.256 -99.000 -99.000 -99.000     0.9     1.0 -9999.0 -9999.0 -9999.0
54794 20200214  2.623  -70.93   43.17     0.7   -15.2    -7.2    -8.4     0.0    12.34 C    -0.6   -19.9   -10.2    79.6    29.7    46.2   0.286   0.249 -99.000 -99.000 -99.000     0.8     1.0 -9999.0 -9999.0 -9999.0
54794 20200215  2.623  -70.93   43.17    -4.9   -19.6   -12.2   -11.4     0.0    12.39 C    -3.3   -22.8   -13.0    73.5    29.9    48.3 -99.000   0.244 -99.000 -99.000 -99.000     0.4     0.6 -9999.0 -9999.0 -9999.0
54794 20200216  2.623  -70.93   43.17     3.7    -6.0    -1.1    -0.8     0.0     7.07 C     1.3    -9.3    -2.9    73.1    41.1    55.1 -99.000   0.208 -99.000 -99.000 -99.000     0.2     0.4 -9999.0 -9999.0 -9999.0
54794 20200217  2.623  -70.93   43.17     4.1    -6.7    -1.3    -1.0     0.0    12.65 C     3.6   -10.9    -5.0    86.6    27.8    54.7 -99.000   0.203 -99.000 -99.000 -99.000     0.2     0.4 -9999.0 -9999.0 -9999.0
54794 20200218  2.623  -70.93   43.17     0.1    -6.1    -3.0    -3.6    18.5     1.99 C    -0.1    -9.9    -3.8    92.1    41.6    71.2 -99.000   0.205 -99.000 -99.000 -99.000     0.2     0.4 -9999.0 -9999.0 -9999.0
54794 20200219  2.623  -70.93   43.17     3.1    -5.6    -1.3     0.0     0.0    13.07 C     1.5   -11.8    -3.2    91.5    21.8    56.6 -99.000   0.222 -99.000 -99.000 -99.000     0.2     0.3 -9999.0 -9999.0 -9999.0
54794 20200220  2.623  -70.93   43.17    -2.0   -10.5    -6.3    -6.4     0.0    12.26 C     2.4   -15.0    -8.4    54.5    28.4    41.6 -99.000   0.219 -99.000 -99.000 -99.000     0.2     0.4 -9999.0 -9999.0 -9999.0
54794 20200221  2.623  -70.93   43.17    -1.8   -17.2    -9.5    -8.2     0.0    13.52 C     4.0   -19.2    -9.0    72.6    16.5    39.1 -99.000   0.210 -99.000 -99.000 -99.000     0.1     0.3 -9999.0 -9999.0 -9999.0
54794 20200222  2.623  -70.93   43.17     5.7   -11.8    -3.0    -1.5     0.0    13.32 C     8.9   -14.5    -3.8    71.2    29.7    43.7 -99.000   0.200 -99.000 -99.000 -99.000     0.1     0.3 -9999.0 -9999.0 -9999.0
54794 20200223  2.623  -70.93   43.17    10.1    -6.6     1.7     0.7     0.0    13.37 C    13.9    -9.2    -0.8    83.1    29.5    60.0 -99.000   0.220 -99.000 -99.000 -99.000     0.0     0.2 -9999.0 -9999.0 -9999.0
54794 20200224  2.623  -70.93   43.17    14.2    -6.8     3.7     2.6     0.0    13.30 C    16.4    -9.0     1.1    88.2    18.3    57.2 -99.000 -99.000 -99.000 -99.000 -99.000     0.0     0.2 -9999.0 -9999.0 -9999.0
54794 20200225  2.623  -70.93   43.17     9.4    -1.2     4.1     3.4     0.0     4.94 C    15.1    -3.5     2.8    81.1    45.1    66.4 -99.000   0.238 -99.000 -99.000 -99.000     0.1     0.3 -9999.0 -9999.0 -9999.0
54794 20200226  2.623  -70.93   43.17     8.4     0.4     4.4     4.0     0.5     6.66 C    18.5    -1.8     4.3    92.3    51.5    75.9 -99.000   0.233 -99.000 -99.000 -99.000     0.1     0.7 -9999.0 -9999.0 -9999.0
54794 20200227  2.623  -70.93   43.17     8.1    -1.6     3.3     3.1    34.2     6.23 C    12.0    -4.0     2.6    92.9    38.1    68.4   0.313   0.270 -99.000 -99.000 -99.000     1.4     1.6 -9999.0 -9999.0 -9999.0
54794 20200228  2.623  -70.93   43.17     1.6    -5.6    -2.0    -1.5     0.0    14.96 C    11.1    -9.0    -1.8    59.4    26.8    36.3   0.288   0.250 -99.000 -99.000 -99.000     0.8     1.1 -9999.0 -9999.0 -9999.0
54794 20200229  2.623  -70.93   43.17     0.7    -7.6    -3.4    -3.7     0.0    10.71 C    14.1   -10.3    -3.6    76.6    26.5    48.4   0.273   0.236 -99.000 -99.000 -99.000     0.4     0.7 -9999.0 -9999.0 -9999.0
54794 20200301  2.623  -70.93   43.17    -0.6    -8.6    -4.6    -4.9     0.0    15.01 C    10.3   -11.8    -4.0    65.9    32.4    46.1 -99.000   0.211 -99.000 -99.000 -99.000     0.3     0.5 -9999.0 -9999.0 -9999.0
54794 20200302  2.623  -70.93   43.17     8.0    -8.4    -0.2    -0.1     0.0    10.20 C    15.5   -11.2     0.7    84.2    38.3    62.1 -99.000   0.204 -99.000 -99.000 -99.000     0.2     0.4 -9999.0 -9999.0 -9999.0
54794 20200303  2.623  -70.93   43.17    16.1     0.0     8.0     8.0     1.8    12.87 C    24.5    -2.7     8.5    91.9    39.7    71.6   0.266   0.218 -99.000 -99.000 -99.000     1.8     1.7 -9999.0 -9999.0 -9999.0
54794 20200304  2.623  -70.93   43.17     9.1     3.5     6.3     6.5     0.0    12.25 C    15.1    -2.0     5.7    92.6    31.9    52.0   0.272   0.235 -99.000 -99.000 -99.000     3.6     3.2 -9999.0 -9999.0 -9999.0
54794 20200305  2.623  -70.93   43.17     9.7    -2.7     3.5     3.9     0.0    15.78 C    19.1    -6.5     3.4    72.8    23.9    47.0   0.266   0.232 -99.000 -99.000 -99.000     3.3     3.1 -9999.0 -9999.0 -9999.0
54794 20200306  2.623  -70.93   43.17     7.5    -3.6     1.9     1.4     0.0     9.35 C    19.7    -7.0     1.4    79.8    42.5    65.8   0.260   0.229 -99.000 -99.000 -99.000     2.5     2.6 -9999.0 -9999.0 -9999.0
54794 20200307  2.623  -70.93   43.17     6.4    -2.4     2.0     1.0     0.0    15.90 C    14.6    -6.8     1.2    42.7    14.3    23.9   0.256   0.226 -99.000 -99.000 -99.000     2.3     2.4 -9999.0 -9999.0 -9999.0
54794 20200308  2.623  -70.93   43.17    11.0    -2.1     4.5     4.0     0.0    15.60 C    20.5    -7.3     3.6    62.7    16.4    27.1   0.253   0.222 -99.000 -99.000 -99.000     2.6     2.6 -9999.0 -9999.0 -9999.0
54794 20200309  2.623  -70.93   43.17    21.4    -0.7    10.4    10.8     0.0    13.84 C    27.1    -4.2     9.2    67.2    12.2    34.1   0.253   0.220 -99.000 -99.000 -99.000     4.1     3.7 -9999.0 -9999.0 -9999.0
54794 20200310  2.623  -70.93   43.17    14.5     3.0     8.7     7.5     0.2    10.76 C    23.2     3.2     9.2    86.5    27.7    72.3   0.250   0.217 -99.000 -99.000 -99.000     5.8     5.1 -9999.0 -9999.0 -9999.0
54794 20200311  2.623  -70.93   43.17    12.5    -1.0     5.8     5.9     0.0    14.28 C    21.1    -5.1     6.5    67.4    22.2    42.3   0.247   0.216 -99.000 -99.000 -99.000     6.0     5.6 -9999.0 -9999.0 -9999.0
54794 20200312  2.623  -70.93   43.17     5.0    -2.8     1.1     1.9     0.0     7.34 C    11.8    -6.0     2.9    80.9    50.4    62.5   0.246   0.213 -99.000 -99.000 -99.000     4.3     4.3 -9999.0 -9999.0 -9999.0
54794 20200313  2.623  -70.93   43.17    12.2     3.6     7.9     6.8    13.8     1.66 C    13.9     0.2     5.1    92.0    34.1    71.9   0.293   0.250 -99.000 -99.000 -99.000     4.8     4.5 -9999.0 -9999.0 -9999.0
54794 20200314  2.623  -70.93   43.17    10.6    -0.6     5.0     5.8     0.0    16.69 C    19.4    -5.2     5.3    63.5    22.8    36.6   0.292   0.251 -99.000 -99.000 -99.000     4.7     4.5 -9999.0 -9999.0 -9999.0
54794 20200315  2.623  -70.93   43.17     6.6    -3.0     1.8     2.3     0.0    18.26 C    20.3    -8.0     3.6    51.0    18.7    29.3   0.280   0.240 -99.000 -99.000 -99.000     4.8     4.7 -9999.0 -9999.0 -9999.0
54794 20200316  2.623  -70.93   43.17     1.4    -8.3    -3.4    -2.9     0.0    17.77 C    16.7   -11.7    -0.9    72.1    23.0    45.6   0.271   0.233 -99.000 -99.000 -99.000     3.3     3.6 -9999.0 -9999.0 -9999.0
54794 20200317  2.623  -70.93   43.17     4.7    -3.5     0.6     1.3     0.6     2.51 C     7.8    -7.3     0.5    91.9    68.0    82.6   0.268   0.229 -99.000 -99.000 -99.000     2.8     3.0 -9999.0 -9999.0 -9999.0
54794 20200318  2.623  -70.93   43.17    10.9    -2.0     4.4     4.3     0.0    17.58 C    22.6    -6.1     5.2    87.6    20.4    53.5   0.265   0.228 -99.000 -99.000 -99.000     3.9     3.6 -9999.0 -9999.0 -9999.0
54794 20200319  2.623  -70.93   43.17     5.5     2.7     4.1     3.8    11.7     2.77 C     8.7     1.3     3.8    90.5    54.0    81.3   0.299   0.255 -99.000 -99.000 -99.000     4.4     4.2 -9999.0 -9999.0 -9999.0
54794 20200320  2.623  -70.93   43.17    17.6     2.6    10.1     8.9     3.3     3.96 C    16.3     2.4     8.1    91.1    42.6    81.1   0.311   0.264 -99.000 -99.000 -99.000     5.2     4.7 -9999.0 -9999.0 -9999.0
54794 20200321  2.623  -70.93   43.17    12.1    -2.5     4.8     4.0     0.0    18.29 C    19.6    -7.3     5.1    54.7    16.7    33.9   0.290   0.249 -99.000 -99.000 -99.000     6.0     5.6 -9999.0 -9999.0 -9999.0
54794 20200322  2.623  -70.93   43.17     2.8    -6.3    -1.8    -2.4     0.0    19.60 C    18.1   -10.4    -0.4    72.7    21.2    41.7   0.279   0.238 -99.000 -99.000 -99.000     4.1     4.2 -9999.0 -9999.0 -9999.0
54794 20200323  2.623  -70.93   43.17     2.8    -6.0    -1.6    -0.9    25.4     4.79 C     7.4    -8.8    -0.5    92.1    54.6    74.6   0.274   0.233 -99.000 -99.000 -99.000     2.8     3.1 -9999.0 -9999.0 -9999.0
54794 20200324  2.623  -70.93   43.17     8.9    -1.7     3.6     3.3     3.3    13.72 C     3.0    -5.4     0.0    89.7    47.2    72.3   0.300   0.259 -99.000 -99.000 -99.000     2.7     2.8 -9999.0 -9999.0 -9999.0
54794 20200325  2.623  -70.93   43.17     5.0    -2.9     1.0     1.6     0.0    10.24 C     8.0    -7.0    -0.2    89.6    52.8    71.8   0.313   0.268 -99.000 -99.000 -99.000     2.3     2.5 -9999.0 -9999.0 -9999.0
54794 20200326  2.623  -70.93   43.17    10.9    -1.6     4.6     3.7     0.0    19.97 C    24.9    -5.3     5.3    90.0    25.8    57.8   0.305   0.257 -99.000 -99.000 -99.000     3.8     3.4 -9999.0 -9999.0 -9999.0
54794 20200327  2.623  -70.93   43.17    14.6    -0.4     7.1     7.6     0.0    20.43 C    24.8    -3.3     7.9    79.2    14.1    41.5   0.287   0.253 -99.000 -99.000 -99.000     5.5     4.9 -9999.0 -9999.0 -9999.0
54794 20200328  2.623  -70.93   43.17    10.2    -2.3     3.9     4.9     0.0    12.89 C    21.3    -6.6     5.6    75.9    24.0    53.1   0.277   0.245 -99.000 -99.000 -99.000     5.1     4.9 -9999.0 -9999.0 -9999.0
54794 20200329  2.623  -70.93   43.17     6.2     2.8     4.5     4.2    23.5     1.80 C     7.4     1.3     4.3    90.8    70.0    85.0   0.306   0.265 -99.000 -99.000 -99.000     5.1     5.0 -9999.0 -9999.0 -9999.0
54794 20200330  2.623  -70.93   43.17     4.7     0.6     2.7     2.7     5.2     4.95 C     8.5     0.7     3.4    90.8    78.6    87.3   0.316   0.274 -99.000 -99.000 -99.000     4.6     4.5 -9999.0 -9999.0 -9999.0
54794 20200331  2.623  -70.93   43.17     7.5    -2.2     2.6     1.7     0.0    19.64 C    21.0    -5.1     4.2    89.7    35.8    68.7   0.300   0.264 -99.000 -99.000 -99.000     5.3     4.9 -9999.0 -9999.0 -9999.0
54794 20200401  2.623  -70.93   43.17     7.3    -2.8     2.3     3.0     0.0     9.17 C    11.6    -5.7     3.3    90.2    47.7    64.9   0.288   0.252 -99.000 -99.000 -99.000     4.3     4.3 -9999.0 -9999.0 -9999.0
54794 20200402  2.623  -70.93   43.17     7.6     3.6     5.6     5.1    17.7     5.83 C    11.1     2.8     5.6    89.6    63.6    80.8   0.305   0.262 -99.000 -99.000 -99.000     5.3     5.0 -9999.0 -9999.0 -9999.0
54794 20200403  2.623  -70.93   43.17     8.0     5.9     6.9     7.0    21.8     4.68 C     9.3     5.1     7.0    89.5    80.4    86.6   0.335   0.288 -99.000 -99.000 -99.000     6.1     5.7 -9999.0 -9999.0 -9999.0
54794 20200404  2.623  -70.93   43.17    10.7     4.0     7.4     6.1     0.0    15.00 C    26.0     3.5     8.6    82.8    53.5    71.3   0.302   0.264 -99.000 -99.000 -99.000     7.2     6.5 -9999.0 -9999.0 -9999.0
54794 20200405  2.623  -70.93   43.17    11.9     3.9     7.9     7.2     0.0    13.96 C    24.5     1.8     9.5    86.0    52.1    69.9   0.289   0.252 -99.000 -99.000 -99.000     7.9     7.2 -9999.0 -9999.0 -9999.0
54794 20200406  2.623  -70.93   43.17    15.0     1.3     8.2     8.5     0.0    22.54 C    27.9    -1.6     9.2    87.0    11.1    42.6   0.280   0.243 -99.000 -99.000 -99.000     8.0     7.5 -9999.0 -9999.0 -9999.0
54794 20200407  2.623  -70.93   43.17    15.5    -0.8     7.4     7.7     0.0    20.37 C    29.0    -3.5     8.7    77.4    14.6    44.8   0.271   0.235 -99.000 -99.000 -99.000     7.7     7.4 -9999.0 -9999.0 -9999.0
54794 20200408  2.623  -70.93   43.17    11.4     2.6     7.0     6.0     0.0    15.82 C    27.3    -0.3     8.1    85.3    42.2    62.3   0.264   0.228 -99.000 -99.000 -99.000     7.9     7.5 -9999.0 -9999.0 -9999.0
54794 20200409  2.623  -70.93   43.17     7.6     1.0     4.3     3.7    25.3     2.07 C    11.2    -0.9     3.7    90.6    80.0    87.0   0.299   0.252 -99.000 -99.000 -99.000     6.5     6.5 -9999.0 -9999.0 -9999.0
54794 20200410  2.623  -70.93   43.17     7.9     0.5     4.2     4.1     1.3    12.57 C    16.4    -1.8     4.0    80.6    38.8    59.0   0.304   0.262 -99.000 -99.000 -99.000     5.9     5.9 -9999.0 -9999.0 -9999.0
54794 20200411  2.623  -70.93   43.17     9.1     1.2     5.1     5.2     0.0    19.11 C    22.2    -3.7     6.1    63.6    21.4    41.7   0.289   0.250 -99.000 -99.000 -99.000     6.3     6.1 -9999.0 -9999.0 -9999.0
54794 20200412  2.623  -70.93   43.17    15.3    -3.3     6.0     7.3     0.0    18.42 C    27.4    -6.2     8.4    81.2    24.3    48.6   0.278   0.241 -99.000 -99.000 -99.000     6.7     6.4 -9999.0 -9999.0 -9999.0
54794 20200413  2.623  -70.93   43.17    15.8     7.8    11.8    12.0    34.8     1.47 C    14.5     6.0    11.0    90.5    57.4    83.8   0.319   0.269 -99.000 -99.000 -99.000     8.4     7.7 -9999.0 -9999.0 -9999.0
54794 20200414  2.623  -70.93   43.17    14.2     6.3    10.2     9.7     0.0    21.53 C    26.8     2.6    11.1    60.0    17.3    36.0   0.302   0.261 -99.000 -99.000 -99.000     9.5     8.9 -9999.0 -9999.0 -9999.0
54794 20200415  2.623  -70.93   43.17    10.4    -0.7     4.8     6.2     0.0    18.43 C    26.3    -3.8     7.8    57.1    17.6    33.1   0.284   0.246 -99.000 -99.000 -99.000     9.0     8.7 -9999.0 -9999.0 -9999.0
54794 20200416  2.623  -70.93   43.17     7.1    -1.2     3.0     3.1     0.0    17.19 C    26.2    -4.6     5.3    76.7    24.8    47.2   0.275   0.237 -99.000 -99.000 -99.000     7.6     7.6 -9999.0 -9999.0 -9999.0
54794 20200417  2.623  -70.93   43.17     9.1    -3.8     2.7     3.5     0.0    20.49 C    22.8    -7.0     5.4    67.0    22.8    41.2   0.268   0.230 -99.000 -99.000 -99.000     6.8     6.8 -9999.0 -9999.0 -9999.0
54794 20200418  2.623  -70.93   43.17     5.2    -1.0     2.1     2.6     5.0     6.76 C     9.0    -3.5     3.2    92.4    46.1    79.7   0.277   0.233 -99.000 -99.000 -99.000     6.6     6.6 -9999.0 -9999.0 -9999.0
54794 20200419  2.623  -70.93   43.17    16.4    -3.1     6.6     8.2     0.0    23.75 C    26.1    -5.2     9.5    92.6    27.9    54.6   0.279   0.238 -99.000 -99.000 -99.000     7.3     6.9 -9999.0 -9999.0 -9999.0
54794 20200420  2.623  -70.93   43.17    10.4    -1.6     4.4     6.5     0.0    17.09 C    21.0    -4.6     7.7    72.4    29.0    47.5   0.267   0.230 -99.000 -99.000 -99.000     8.3     7.9 -9999.0 -9999.0 -9999.0
54794 20200421  2.623  -70.93   43.17    10.4    -3.2     3.6     3.7    10.7    10.95 C    20.4    -5.2     3.9    88.1    33.1    69.7   0.281   0.237 -99.000 -99.000 -99.000     6.7     6.8 -9999.0 -9999.0 -9999.0
54794 20200422  2.623  -70.93   43.17     6.2    -1.5     2.3     2.2     0.0    16.59 C    16.0    -4.8     2.6    70.2    24.5    41.3   0.303   0.259 -99.000 -99.000 -99.000     5.9     6.1 -9999.0 -9999.0 -9999.0
54794 20200423  2.623  -70.93   43.17    12.1    -3.4     4.3     4.5     0.0    19.47 C    24.0    -7.0     5.8    59.3    10.3    29.4   0.285   0.246 -99.000 -99.000 -99.000     6.3     6.2 -9999.0 -9999.0 -9999.0
54794 20200424  2.623  -70.93   43.17    10.2     1.4     5.8     6.2     0.0    13.20 C    20.1    -1.2     7.6    83.4    36.6    56.1   0.274   0.235 -99.000 -99.000 -99.000     7.7     7.1 -9999.0 -9999.0 -9999.0
54794 20200425  2.623  -70.93   43.17    15.0     1.2     8.1     7.5     0.0    19.40 C    30.3    -1.2    10.0    86.0    22.1    55.8   0.268   0.227 -99.000 -99.000 -99.000     8.4     7.7 -9999.0 -9999.0 -9999.0
54794 20200426  2.623  -70.93   43.17    12.7     0.8     6.7     5.9     3.4     8.96 C    20.8    -0.9     6.8    89.0    19.8    62.2   0.263   0.220 -99.000 -99.000 -99.000     7.8     7.5 -9999.0 -9999.0 -9999.0
54794 20200427  2.623  -70.93   43.17     4.3     2.9     3.6     3.6    16.5     4.05 C     6.2     2.9     4.1    88.1    79.8    85.7   0.327   0.268 -99.000 -99.000 -99.000     6.8     6.6 -9999.0 -9999.0 -9999.0
54794 20200428  2.623  -70.93   43.17    10.9     2.5     6.7     5.9     0.0    11.13 C    20.4     0.8     7.4    87.2    43.6    64.7   0.310   0.262 -99.000 -99.000 -99.000     7.4     6.9 -9999.0 -9999.0 -9999.0
54794 20200429  2.623  -70.93   43.17    12.1     0.3     6.2     6.8     0.0    23.38 C    26.4    -2.1    10.1    91.6    37.1    62.9   0.292   0.247 -99.000 -99.000 -99.000     8.7     8.0 -9999.0 -9999.0 -9999.0
54794 20200430  2.623  -70.93   43.17     8.2     6.0     7.1     6.6     1.8     2.92 C     9.0     6.0     7.0    86.6    72.4    80.6   0.286   0.240 -99.000 -99.000 -99.000     8.3     8.0 -9999.0 -9999.0 -9999.0
54794 20200501  2.623  -70.93   43.17    16.7     8.1    12.4    11.5    25.9     7.59 C    22.2     7.4    12.0    91.0    67.5    84.8   0.326   0.270 -99.000 -99.000 -99.000     9.2     8.5 -9999.0 -9999.0 -9999.0
54794 20200502  2.623  -70.93   43.17    19.6     5.1    12.4    13.2     0.0    25.21 C    31.2     1.9    14.8    80.9    16.6    44.2   0.300   0.253 -99.000 -99.000 -99.000    11.1    10.2 -9999.0 -9999.0 -9999.0
54794 20200503  2.623  -70.93   43.17    25.8     8.5    17.2    16.3     0.0    20.90 C    36.9     8.0    17.6    84.8    17.5    52.2   0.280   0.237 -99.000 -99.000 -99.000    12.5    11.5 -9999.0 -9999.0 -9999.0
54794 20200504  2.623  -70.93   43.17    18.8     8.1    13.4    14.4     0.0    18.68 C    34.3     5.4    15.2    54.9    29.4    39.4   0.263   0.222 -99.000 -99.000 -99.000    12.5    11.9 -9999.0 -9999.0 -9999.0
54794 20200505  2.623  -70.93   43.17    13.1     1.9     7.5     8.4     0.0    21.76 C    28.2    -0.4    10.9    74.6    33.4    47.3   0.250   0.211 -99.000 -99.000 -99.000    11.6    11.2 -9999.0 -9999.0 -9999.0
54794 20200506  2.623  -70.93   43.17    13.0    -0.4     6.3     7.3     0.6    22.21 C    28.2    -1.9    10.8    87.1    31.1    60.1   0.237   0.203 -99.000 -99.000 -99.000    10.9    10.5 -9999.0 -9999.0 -9999.0
54794 20200507  2.623  -70.93   43.17    17.3     3.8    10.5    10.2     0.2    23.98 C    32.5     2.6    12.8    92.2    10.8    52.0   0.229   0.196 -99.000 -99.000 -99.000    11.7    11.1 -9999.0 -9999.0 -9999.0
54794 20200508  2.623  -70.93   43.17    14.8     5.2    10.0     9.7     1.6    20.81 C    28.6     2.7    12.5    88.9    16.8    43.9   0.218   0.187 -99.000 -99.000 -99.000    11.5    11.0 -9999.0 -9999.0 -9999.0
54794 20200509  2.623  -70.93   43.17     5.4     0.8     3.1     3.0     5.9    16.55 C    16.0    -0.6     5.1    89.2    32.7    61.7   0.230   0.192 -99.000 -99.000 -99.000    10.1    10.0 -9999.0 -9999.0 -9999.0
54794 20200510  2.623  -70.93   43.17    14.2    -0.5     6.8     7.6     0.0    21.68 C    23.7    -2.4     9.0    64.1    24.0    41.5   0.235   0.195 -99.000 -99.000 -99.000     9.3     9.1 -9999.0 -9999.0 -9999.0
54794 20200511  2.623  -70.93   43.17    15.7     3.0     9.4     9.5     6.5    15.54 C    29.3     0.6    11.2    90.0    39.5    67.3   0.230   0.192 -99.000 -99.000 -99.000    10.3     9.8 -9999.0 -9999.0 -9999.0
54794 20200512  2.623  -70.93   43.17    12.6     4.3     8.5     8.0     0.0    27.22 C    25.1     1.5    10.6    77.2    18.5    41.3   0.244   0.200 -99.000 -99.000 -99.000    11.0    10.4 -9999.0 -9999.0 -9999.0
54794 20200513  2.623  -70.93   43.17    14.6     1.4     8.0     8.3     0.0    27.73 C    27.4    -1.0    10.5    59.8    16.5    33.2   0.230   0.191 -99.000 -99.000 -99.000    10.9    10.4 -9999.0 -9999.0 -9999.0
54794 20200514  2.623  -70.93   43.17    21.2    -0.8    10.2    12.4     0.0    27.67 C    32.6    -2.2    14.4    75.3     9.9    33.0   0.215   0.180 -99.000 -99.000 -99.000    11.3    10.7 -9999.0 -9999.0 -9999.0
54794 20200515  2.623  -70.93   43.17    21.3    10.3    15.8    14.6    11.6    17.38 C    34.7     9.5    17.1    91.0    47.3    67.3   0.204   0.177 -99.000 -99.000 -99.000    13.1    12.1 -9999.0 -9999.0 -9999.0
54794 20200516  2.623  -70.93   43.17    20.3     8.6    14.4    13.8     3.5    24.03 C    30.7     7.0    16.0    91.9    37.8    65.5   0.259   0.216 -99.000 -99.000 -99.000    14.1    13.1 -9999.0 -9999.0 -9999.0
54794 20200517  2.623  -70.93   43.17    19.9     8.3    14.1    14.2     0.0    15.43 C    28.4     7.6    15.4    87.2    41.8    64.5   0.236   0.199 -99.000 -99.000 -99.000    13.8    13.1 -9999.0 -9999.0 -9999.0
54794 20200518  2.623  -70.93   43.17    18.4     5.2    11.8    13.1     0.0    16.94 C    28.3     3.7    14.0    84.5    27.0    55.6   0.225   0.189 -99.000 -99.000 -99.000    13.7    13.0 -9999.0 -9999.0 -9999.0
54794 20200519  2.623  -70.93   43.17    15.5     3.9     9.7    10.2     0.0    27.21 C    27.7     1.8    12.7    80.7    34.7    55.6   0.209   0.178 -99.000 -99.000 -99.000    13.0    12.5 -9999.0 -9999.0 -9999.0
54794 20200520  2.623  -70.93   43.17    18.1     2.8    10.5    11.4     0.0    28.18 C    29.6     1.2    13.6    89.5    26.7    51.2   0.194   0.168 -99.000 -99.000 -99.000    13.0    12.5 -9999.0 -9999.0 -9999.0
54794 20200521  2.623  -70.93   43.17    26.4     2.4    14.4    16.4     0.0    28.03 C    32.1     1.1    16.6    83.6    12.0    39.2   0.178   0.156 -99.000 -99.000 -99.000    13.5    12.7 -9999.0 -9999.0 -9999.0
54794 20200522  2.623  -70.93   43.17    29.8     9.2    19.5    20.6     0.0    28.28 C    34.4     6.3    19.9    77.3    15.6    42.3   0.157   0.141 -99.000 -99.000 -99.000    14.8    13.8 -9999.0 -9999.0 -9999.0
54794 20200523  2.623  -70.93   43.17    19.6     4.6    12.1    13.4     0.0    22.02 C    30.4     3.0    14.5    89.7    17.6    54.1   0.137   0.128 -99.000 -99.000 -99.000    14.8    14.1 -9999.0 -9999.0 -9999.0
54794 20200524  2.623  -70.93   43.17    16.4     2.9     9.6     9.4     0.0    27.82 C    28.0     0.9    12.2    89.4    21.4    60.6   0.122   0.118 -99.000 -99.000 -99.000    13.5    13.0 -9999.0 -9999.0 -9999.0
54794 20200525  2.623  -70.93   43.17    15.3     4.6     9.9    11.1     0.0    10.21 C    21.9     4.5    13.2    92.5    69.8    81.5   0.114   0.109 -99.000 -99.000 -99.000    13.1    12.7 -9999.0 -9999.0 -9999.0
54794 20200526  2.623  -70.93   43.17    25.3    10.9    18.1    17.0     0.0    24.30 C    33.3    11.1    19.4    93.1    54.6    78.9   0.107   0.103 -99.000 -99.000 -99.000    15.2    14.1 -9999.0 -9999.0 -9999.0
54794 20200527  2.623  -70.93   43.17    30.8    11.9    21.4    22.6     0.0    26.79 C    36.3    10.7    23.0    92.2    38.4    64.3   0.093   0.091 -99.000 -99.000 -99.000    16.7    15.4 -9999.0 -9999.0 -9999.0
54794 20200528  2.623  -70.93   43.17    28.0    18.3    23.2    23.1     0.0    20.79 C    33.1    16.5    22.8    83.6    49.1    67.0   0.079   0.080 -99.000 -99.000 -99.000    17.7    16.4 -9999.0 -9999.0 -9999.0
54794 20200529  2.623  -70.93   43.17    29.5    21.4    25.5    24.8     0.0    21.05 C    34.4    20.2    25.2    82.2    51.4    69.0   0.069   0.070 -99.000 -99.000 -99.000    19.0    17.3 -9999.0 -9999.0 -9999.0
54794 20200530  2.623  -70.93   43.17    26.0    13.6    19.8    21.6     1.3    23.40 C    31.4    10.7    21.2    89.0    33.5    59.1   0.062   0.062 -99.000 -99.000 -99.000    18.9    17.6 -9999.0 -9999.0 -9999.0
54794 20200531  2.623  -70.93   43.17    18.5     4.3    11.4    13.4     0.0    29.18 C    23.1     1.1    13.8    73.3    26.4    44.3   0.057   0.056 -99.000 -99.000 -99.000    16.8    16.1 -9999.0 -9999.0 -9999.0
54794 20200601  2.623  -70.93   43.17    16.8     1.9     9.3    10.8     0.0    22.07 C    24.3    -0.6    11.0    87.0    21.7    49.5   0.052   0.052 -99.000 -99.000 -99.000    14.4    14.2 -9999.0 -9999.0 -9999.0
54794 20200602  2.623  -70.93   43.17    18.8     3.2    11.0    12.2     0.2    19.70 C    28.4     1.0    13.3    89.6    33.8    63.0   0.049   0.047 -99.000 -99.000 -99.000    14.1    13.8 -9999.0 -9999.0 -9999.0
54794 20200603  2.623  -70.93   43.17    22.3    11.6    16.9    16.5     0.9    14.92 C    28.0    11.1    17.2    91.7    51.6    74.9   0.048   0.045 -99.000 -99.000 -99.000    15.3    14.5 -9999.0 -9999.0 -9999.0
54794 20200604  2.623  -70.93   43.17    29.7    10.7    20.2    21.7     0.0    25.65 C    35.3     8.7    21.5    93.0    29.2    57.5   0.045   0.044 -99.000 -99.000 -99.000    16.6    15.3 -9999.0 -9999.0 -9999.0
54794 20200605  2.623  -70.93   43.17    28.3    17.9    23.1    23.1     0.0    15.90 C    33.9    16.6    22.8    85.6    51.3    68.8   0.043   0.042 -99.000 -99.000 -99.000    17.9    16.4 -9999.0 -9999.0 -9999.0
54794 20200606  2.623  -70.93   43.17    29.0    14.4    21.7    21.2     3.3    16.52 C    37.9    12.6    21.5    91.9    49.6    78.0   0.042   0.039 -99.000 -99.000 -99.000    18.4    17.0 -9999.0 -9999.0 -9999.0
54794 20200607  2.623  -70.93   43.17    19.4    11.0    15.2    15.4     0.0     9.32 C    26.0     8.7    15.0    88.7    54.8    72.4   0.043   0.042 -99.000 -99.000 -99.000    16.7    16.0 -9999.0 -9999.0 -9999.0
54794 20200608  2.623  -70.93   43.17    24.1     8.2    16.2    17.0     0.0    28.51 C    30.0     6.2    17.3    86.3    23.9    50.1   0.042   0.039 -99.000 -99.000 -99.000    16.2    15.4 -9999.0 -9999.0 -9999.0
54794 20200609  2.623  -70.93   43.17    23.6    11.5    17.6    17.1     0.0    11.65 C    32.3     9.7    17.2    84.8    37.5    63.1   0.040   0.036 -99.000 -99.000 -99.000    16.0    15.3 -9999.0 -9999.0 -9999.0
54794 20200610  2.623  -70.93   43.17    21.3    12.8    17.1    16.5     0.0    23.66 C    35.1    11.3    19.6    91.1    34.3    66.3   0.039   0.034 -99.000 -99.000 -99.000    16.8    15.7 -9999.0 -9999.0 -9999.0
54794 20200611  2.623  -70.93   43.17    23.4    13.6    18.5    19.3     6.7     6.40 C    25.6    13.6    19.4    92.7    78.7    87.1   0.039   0.046 -99.000 -99.000 -99.000    17.0    16.0 -9999.0 -9999.0 -9999.0
54794 20200612  2.623  -70.93   43.17    27.7    13.9    20.8    21.3     0.0    27.04 C    34.7     9.9    21.8    91.4    26.2    51.4   0.042   0.057 -99.000 -99.000 -99.000    18.2    17.0 -9999.0 -9999.0 -9999.0
54794 20200613  2.623  -70.93   43.17    21.5     8.9    15.2    15.6     0.0    27.21 C    33.6     5.9    16.7    82.2    31.7    51.6   0.041   0.047 -99.000 -99.000 -99.000    16.8    16.1 -9999.0 -9999.0 -9999.0
54794 20200614  2.623  -70.93   43.17    21.3     9.5    15.4    14.6     0.0    21.50 C    33.1     6.9    15.9    88.6    36.4    60.4   0.039   0.038 -99.000 -99.000 -99.000    16.1    15.5 -9999.0 -9999.0 -9999.0
54794 20200615  2.623  -70.93   43.17    21.3     8.6    14.9    15.0     0.0    23.78 C    34.2     6.7    17.1    90.1    39.1    67.0   0.037   0.029 -99.000 -99.000 -99.000    15.7    15.2 -9999.0 -9999.0 -9999.0
54794 20200616  2.623  -70.93   43.17    25.1     8.7    16.9    17.0     0.0    28.94 C    38.0     6.2    19.5    91.5    30.2    58.8   0.035   0.021 -99.000 -99.000 -99.000    16.3    15.4 -9999.0 -9999.0 -9999.0
54794 20200617  2.623  -70.93   43.17    26.9     6.9    16.9    17.7     0.0    28.85 C    40.1     5.3    20.5    91.5    31.2    61.3   0.032   0.015 -99.000 -99.000 -99.000    16.7    15.8 -9999.0 -9999.0 -9999.0
54794 20200618  2.623  -70.93   43.17    31.4     9.4    20.4    22.4     0.0    28.69 C    42.5     7.4    24.8    91.3    22.7    58.3   0.030   0.009 -99.000 -99.000 -99.000    18.1    16.7 -9999.0 -9999.0 -9999.0
54794 20200619  2.623  -70.93   43.17    32.0    17.6    24.8    25.3     0.0    27.77 C    41.9    16.0    27.2    86.6    36.3    59.9   0.028   0.006 -99.000 -99.000 -99.000    20.2    18.4 -9999.0 -9999.0 -9999.0
54794 20200620  2.623  -70.93   43.17    33.4    18.1    25.7    24.7     0.0    20.58 C    44.9    16.1    26.5    90.6    33.8    66.4   0.027   0.003 -99.000 -99.000 -99.000    20.7    19.0 -9999.0 -9999.0 -9999.0
54794 20200621  2.623  -70.93   43.17    29.5    17.6    23.5    23.1     0.0    25.20 C    42.5    16.1    26.7    92.3    51.8    74.3   0.025   0.005 -99.000 -99.000 -99.000    21.1    19.4 -9999.0 -9999.0 -9999.0
54794 20200622  2.623  -70.93   43.17    25.6    17.3    21.4    19.9     0.0    19.66 C    38.5    17.4    23.3    91.2    56.2    80.0   0.024   0.004 -99.000 -99.000 -99.000    20.6    19.3 -9999.0 -9999.0 -9999.0
54794 20200623  2.623  -70.93   43.17    28.5    17.0    22.7    22.7     0.0    24.44 C    41.4    17.3    26.2    93.0    56.5    75.7   0.024   0.006 -99.000 -99.000 -99.000    21.2    19.6 -9999.0 -9999.0 -9999.0
54794 20200624  2.623  -70.93   43.17    28.0    15.4    21.7    21.8     2.1    12.15 C    37.7    13.5    22.9    91.1    63.5    82.2   0.023   0.005 -99.000 -99.000 -99.000    20.7    19.4 -9999.0 -9999.0 -9999.0
54794 20200625  2.623  -70.93   43.17    28.0    12.6    20.3    20.0     0.0    21.36 C    34.8    11.4    20.6    92.4    29.6    65.6   0.023   0.004 -99.000 -99.000 -99.000    19.1    18.2 -9999.0 -9999.0 -9999.0
54794 20200626  2.623  -70.93   43.17    29.1    12.2    20.7    20.8     0.0    24.39 C    40.5    11.0    22.7    91.2    28.4    61.5   0.024   0.004 -99.000 -99.000 -99.000    19.2    18.1 -9999.0 -9999.0 -9999.0
54794 20200627  2.623  -70.93   43.17    26.6    12.0    19.3    20.4     0.0    13.37 C    33.1    10.4    21.2    91.0    39.3    67.0   0.023   0.004 -99.000 -99.000 -99.000    18.7    17.8 -9999.0 -9999.0 -9999.0
54794 20200628  2.623  -70.93   43.17    27.4    13.8    20.6    20.9     0.9    18.40 C    40.7    12.5    23.0    92.0    50.5    76.4   0.022   0.004 -99.000 -99.000 -99.000    19.3    18.1 -9999.0 -9999.0 -9999.0
54794 20200629  2.623  -70.93   43.17    21.3    16.5    18.9    18.4    29.5     7.24 C    27.9    16.1    18.9    92.0    71.9    86.9   0.052   0.040 -99.000 -99.000 -99.000    19.0    18.1 -9999.0 -9999.0 -9999.0
54794 20200630  2.623  -70.93   43.17    22.3    16.8    19.5    18.5    48.1     9.29 C    27.8    16.8    19.1    92.3    72.7    87.2   0.169   0.156 -99.000 -99.000 -99.000    18.4    17.7 -9999.0 -9999.0 -9999.0
54794 20200701  2.623  -70.93   43.17    24.6    15.4    20.0    19.2     0.4    17.63 C    31.9    14.4    20.6    92.6    64.6    83.8   0.245   0.200 -99.000 -99.000 -99.000    18.8    18.1 -9999.0 -9999.0 -9999.0
54794 20200702  2.623  -70.93   43.17    30.9    15.6    23.2    23.0     0.0    26.08 C    36.1    15.5    24.8    99.6    44.7    75.8   0.210   0.172 -99.000 -99.000 -99.000    19.8    18.9 -9999.0 -9999.0 -9999.0
54794 20200703  2.623  -70.93   43.17    22.5    15.8    19.1    19.2     0.2    12.32 C    27.4    14.4    19.7    90.3    65.2    80.8   0.193   0.158 -99.000 -99.000 -99.000    19.9    19.2 -9999.0 -9999.0 -9999.0
54794 20200704  2.623  -70.93   43.17    25.7    15.5    20.6    19.2     0.0    27.16 C    33.6    14.7    21.6    90.6    56.9    78.3   0.180   0.146 -99.000 -99.000 -99.000    19.8    19.0 -9999.0 -9999.0 -9999.0
54794 20200705  2.623  -70.93   43.17    25.3    16.5    20.9    19.4     0.0    20.31 C    31.9    16.7    21.3    93.1    65.1    84.0   0.168   0.136 -99.000 -99.000 -99.000    20.1    19.3 -9999.0 -9999.0 -9999.0
54794 20200706  2.623  -70.93   43.17    24.4    12.9    18.6    19.2     0.0    23.96 C    30.9    10.9    20.6    92.5    53.7    78.4   0.158   0.127 -99.000 -99.000 -99.000    20.1    19.4 -9999.0 -9999.0 -9999.0
54794 20200707  2.623  -70.93   43.17    23.7    12.4    18.0    18.9     0.0    24.03 C    29.3    10.6    20.3    93.2    59.8    75.7   0.146   0.117 -99.000 -99.000 -99.000    19.4    18.8 -9999.0 -9999.0 -9999.0
54794 20200708  2.623  -70.93   43.17    28.7    18.8    23.8    22.5     5.8    13.34 C    32.1    18.1    22.8    91.6    59.1    80.6   0.143   0.114 -99.000 -99.000 -99.000    20.1    19.3 -9999.0 -9999.0 -9999.0
54794 20200709  2.623  -70.93   43.17    28.6    18.0    23.3    23.5     0.0    25.93 C    34.7    17.0    24.9    93.1    64.8    81.2   0.147   0.118 -99.000 -99.000 -99.000    21.1    20.1 -9999.0 -9999.0 -9999.0
54794 20200710  2.623  -70.93   43.17    28.6    19.1    23.8    22.6     0.8    20.33 C    33.4    18.1    23.9    92.6    58.0    84.4   0.135   0.109 -99.000 -99.000 -99.000    21.4    20.5 -9999.0 -9999.0 -9999.0
54794 20200711  2.623  -70.93   43.17    29.1    21.0    25.1    24.8     1.4    18.29 C    33.3    21.1    25.3    92.6    64.9    80.6   0.130   0.104 -99.000 -99.000 -99.000    21.9    20.9 -9999.0 -9999.0 -9999.0
54794 20200712  2.623  -70.93   43.17    30.7    20.3    25.5    25.4     0.0    22.75 C    34.2    19.0    25.5    91.5    47.6    70.2   0.120   0.098 -99.000 -99.000 -99.000    22.2    21.2 -9999.0 -9999.0 -9999.0
54794 20200713  2.623  -70.93   43.17    29.4    18.0    23.7    21.9    18.4    14.66 C    36.4    16.7    22.4    93.2    54.2    82.7   0.148   0.122 -99.000 -99.000 -99.000    21.3    20.7 -9999.0 -9999.0 -9999.0
54794 20200714  2.623  -70.93   43.17    25.7    16.0    20.8    19.4     0.0    17.79 C    31.9    14.7    20.0    93.2    55.8    80.8   0.174   0.141 -99.000 -99.000 -99.000    20.5    20.0 -9999.0 -9999.0 -9999.0
54794 20200715  2.623  -70.93   43.17    22.4    14.1    18.2    18.6     0.0    19.77 C    29.2    12.1    19.4    91.4    59.1    77.3   0.159   0.128 -99.000 -99.000 -99.000    20.2    19.6 -9999.0 -9999.0 -9999.0
54794 20200716  2.623  -70.93   43.17    21.7    11.9    16.8    16.9     0.0    20.61 C    29.4    10.1    17.9    92.6    61.4    77.7   0.145   0.117 -99.000 -99.000 -99.000    19.1    18.7 -9999.0 -9999.0 -9999.0
54794 20200717  2.623  -70.93   43.17    21.6    14.6    18.1    17.1     0.0     6.46 C    23.1    13.8    16.9    92.6    72.4    83.1   0.137   0.110 -99.000 -99.000 -99.000    18.5    18.2 -9999.0 -9999.0 -9999.0
54794 20200718  2.623  -70.93   43.17    31.2    13.8    22.5    23.1     0.0    25.10 C    36.0    12.3    23.5    93.1    37.3    70.7   0.127   0.103 -99.000 -99.000 -99.000    19.4    18.7 -9999.0 -9999.0 -9999.0
54794 20200719  2.623  -70.93   43.17    33.9    16.6    25.3    26.4     0.0    25.11 C    37.4    15.5    26.6    91.6    36.4    64.8   0.109   0.093 -99.000 -99.000 -99.000    20.8    19.8 -9999.0 -9999.0 -9999.0
54794 20200720  2.623  -70.93   43.17    32.3    21.4    26.8    27.0     0.0    21.59 C    36.4    17.7    26.5    81.0    39.1    60.2   0.091   0.082 -99.000 -99.000 -99.000    21.9    20.9 -9999.0 -9999.0 -9999.0
54794 20200721  2.623  -70.93   43.17    30.0    18.1    24.1    24.0     0.0    24.81 C    36.2    15.4    24.1    86.7    39.9    61.9   0.077   0.071 -99.000 -99.000 -99.000    21.2    20.5 -9999.0 -9999.0 -9999.0
54794 20200722  2.623  -70.93   43.17    24.8    17.7    21.2    20.9    12.4    12.85 C    28.5    16.0    20.9    92.0    50.3    68.3   0.068   0.065 -99.000 -99.000 -99.000    20.3    19.8 -9999.0 -9999.0 -9999.0
54794 20200723  2.623  -70.93   43.17    29.7    18.1    23.9    22.2     0.8    12.31 C    36.6    18.1    22.9    92.9    65.5    87.7   0.137   0.108 -99.000 -99.000 -99.000    20.8    20.0 -9999.0 -9999.0 -9999.0
54794 20200724  2.623  -70.93   43.17    27.9    16.8    22.4    22.4     0.0    22.42 C    34.7    15.0    23.0    93.0    47.7    75.4   0.126   0.095 -99.000 -99.000 -99.000    21.1    20.3 -9999.0 -9999.0 -9999.0
54794 20200725  2.623  -70.93   43.17    29.8    15.0    22.4    22.7     0.0    24.74 C    35.5    13.3    23.4    93.1    31.4    70.2   0.107   0.083 -99.000 -99.000 -99.000    20.7    20.0 -9999.0 -9999.0 -9999.0
54794 20200726  2.623  -70.93   43.17    31.8    16.9    24.3    24.8     0.0    23.63 C    38.1    15.2    24.8    91.5    39.3    63.2   0.089   0.072 -99.000 -99.000 -99.000    21.1    20.3 -9999.0 -9999.0 -9999.0
54794 20200727  2.623  -70.93   43.17    33.9    20.9    27.4    28.0     0.0    23.83 C    40.2    18.8    28.3    82.9    40.4    60.2   0.073   0.062 -99.000 -99.000 -99.000    22.3    21.2 -9999.0 -9999.0 -9999.0
54794 20200728  2.623  -70.93   43.17    31.4    19.6    25.5    26.6     0.3    20.34 C    38.2    16.4    26.6    83.6    48.2    64.7   0.060   0.052 -99.000 -99.000 -99.000    22.7    21.6 -9999.0 -9999.0 -9999.0
54794 20200729  2.623  -70.93   43.17    31.4    15.7    23.5    24.5     0.0    24.46 C    39.9    13.9    25.4    90.2    32.5    61.3   0.051   0.044 -99.000 -99.000 -99.000    21.7    20.9 -9999.0 -9999.0 -9999.0
54794 20200730  2.623  -70.93   43.17    31.4    17.9    24.7    23.7     0.6    20.14 C    40.0    15.3    24.6    91.3    37.4    68.7   0.045   0.038 -99.000 -99.000 -99.000    21.9    21.1 -9999.0 -9999.0 -9999.0
54794 20200731  2.623  -70.93   43.17    29.4    14.2    21.8    21.9     0.0    25.91 C    39.7    12.3    23.8    91.6    43.4    68.5   0.040   0.028 -99.000 -99.000 -99.000    21.2    20.5 -9999.0 -9999.0 -9999.0
54794 20200801  2.623  -70.93   43.17    30.4    16.1    23.3    22.7     0.0    23.94 C    42.2    14.0    24.5    90.3    37.3    67.1   0.036   0.019 -99.000 -99.000 -99.000    21.2    20.4 -9999.0 -9999.0 -9999.0
54794 20200802  2.623  -70.93   43.17    29.3    16.2    22.7    22.8     0.0    14.32 C    38.2    14.5    23.8    91.6    50.6    75.0   0.032   0.011 -99.000 -99.000 -99.000    21.1    20.3 -9999.0 -9999.0 -9999.0
54794 20200803  2.623  -70.93   43.17    31.6    18.6    25.1    25.9     0.0    24.24 C    41.2    16.8    27.3    92.5    36.0    62.5   0.031   0.006 -99.000 -99.000 -99.000    22.5    21.2 -9999.0 -9999.0 -9999.0
54794 20200804  2.623  -70.93   43.17    25.0    18.3    21.6    22.4     3.0     6.15 C    27.2    16.7    22.3    88.7    60.1    77.6   0.029   0.008 -99.000 -99.000 -99.000    21.2    20.6 -9999.0 -9999.0 -9999.0
54794 20200805  2.623  -70.93   43.17    31.3    18.0    24.6    24.5     0.0    22.69 C    40.3    13.8    25.4    85.2    34.7    56.9   0.030   0.008 -99.000 -99.000 -99.000    21.6    20.7 -9999.0 -9999.0 -9999.0
54794 20200806  2.623  -70.93   43.17    28.1    12.5    20.3    20.4     0.0    24.03 C    37.4    10.3    21.4    85.8    27.1    54.9   0.029   0.007 -99.000 -99.000 -99.000    20.2    19.8 -9999.0 -9999.0 -9999.0
54794 20200807  2.623  -70.93   43.17    28.2    12.5    20.3    20.3     0.0    23.47 C    39.7    10.3    22.6    89.7    34.4    65.9   0.027   0.008 -99.000 -99.000 -99.000    20.0    19.4 -9999.0 -9999.0 -9999.0
54794 20200808  2.623  -70.93   43.17    29.0    15.0    22.0    20.8     1.8    17.50 C    38.7    13.5    22.1    91.8    42.8    73.9   0.026   0.007 -99.000 -99.000 -99.000    20.4    19.7 -9999.0 -9999.0 -9999.0
54794 20200809  2.623  -70.93   43.17    32.7    14.8    23.8    23.9     0.0    20.43 C    43.0    13.6    25.9    90.8    32.2    66.4   0.026   0.009 -99.000 -99.000 -99.000    20.9    19.9 -9999.0 -9999.0 -9999.0
54794 20200810  2.623  -70.93   43.17    33.8    19.0    26.4    25.6     0.0    22.25 C    44.1    17.5    27.8    91.6    32.0    66.4   0.026   0.007 -99.000 -99.000 -99.000    22.1    20.9 -9999.0 -9999.0 -9999.0
54794 20200811  2.623  -70.93   43.17    35.7    18.5    27.1    27.4     0.0    21.60 C    45.7    17.2    29.4    91.2    33.6    62.1   0.024   0.004 -99.000 -99.000 -99.000    22.7    21.4 -9999.0 -9999.0 -9999.0
54794 20200812  2.623  -70.93   43.17    33.6    19.7    26.6    26.6     0.0    21.35 C    44.5    16.8    28.5    87.0    32.6    59.6   0.023   0.005 -99.000 -99.000 -99.000    23.3    22.0 -9999.0 -9999.0 -9999.0
54794 20200813  2.623  -70.93   43.17    31.2    16.0    23.6    23.1     0.0    17.24 C    43.2    13.8    24.3    89.4    31.1    62.5   0.021   0.006 -99.000 -99.000 -99.000    21.8    21.1 -9999.0 -9999.0 -9999.0
54794 20200814  2.623  -70.93   43.17    31.2    15.3    23.3    22.2     0.0    20.50 C    42.3    13.2    23.6    91.1    28.8    61.6   0.019   0.005 -99.000 -99.000 -99.000    21.1    20.5 -9999.0 -9999.0 -9999.0
54794 20200815  2.623  -70.93   43.17    23.8    13.6    18.7    18.7     0.0     7.89 C    29.0    11.5    18.7    91.2    56.7    75.8   0.019   0.009 -99.000 -99.000 -99.000    19.8    19.6 -9999.0 -9999.0 -9999.0
54794 20200816  2.623  -70.93   43.17    21.2    13.1    17.1    17.6     0.5     5.48 C    24.6    11.1    17.9    91.8    68.6    81.1   0.018   0.008 -99.000 -99.000 -99.000    18.7    18.6 -9999.0 -9999.0 -9999.0
54794 20200817  2.623  -70.93   43.17    25.6    14.8    20.2    18.9     0.3    21.22 C    38.0    13.4    21.6    90.2    48.6    72.1   0.019   0.009 -99.000 -99.000 -99.000    19.7    19.1 -9999.0 -9999.0 -9999.0
54794 20200818  2.623  -70.93   43.17    29.7    15.6    22.6    21.3     1.0    19.60 C    39.6    12.6    23.0    92.4    24.7    62.9   0.019   0.007 -99.000 -99.000 -99.000    20.2    19.4 -9999.0 -9999.0 -9999.0
54794 20200819  2.623  -70.93   43.17    27.6    11.1    19.4    17.8     1.1    16.47 C    39.2     9.1    19.0    91.6    28.4    71.9   0.020   0.008 -99.000 -99.000 -99.000    19.0    18.8 -9999.0 -9999.0 -9999.0
54794 20200820  2.623  -70.93   43.17    26.5     9.3    17.9    17.9     0.0    23.37 C    36.7     6.9    19.4    91.6    26.2    61.5   0.018   0.007 -99.000 -99.000 -99.000    18.2    18.0 -9999.0 -9999.0 -9999.0
54794 20200821  2.623  -70.93   43.17    32.5     9.4    20.9    21.0     0.0    21.31 C    42.1     7.8    22.7    91.7    25.3    61.1   0.018   0.008 -99.000 -99.000 -99.000    18.9    18.3 -9999.0 -9999.0 -9999.0
54794 20200822  2.623  -70.93   43.17    27.7    14.6    21.2    20.4     0.0    14.67 C    39.0    13.0    21.9    91.8    51.9    76.1   0.017   0.007 -99.000 -99.000 -99.000    19.8    19.1 -9999.0 -9999.0 -9999.0
54794 20200823  2.623  -70.93   43.17    31.1    13.6    22.3    20.6     1.8    15.75 C    41.0    11.5    22.0    92.7    46.5    80.9   0.018   0.008 -99.000 -99.000 -99.000    19.8    19.1 -9999.0 -9999.0 -9999.0
54794 20200824  2.623  -70.93   43.17    34.0    16.7    25.3    23.8     0.0    20.54 C    43.6    15.4    26.0    92.9    29.6    70.1   0.021   0.008 -99.000 -99.000 -99.000    20.9    19.9 -9999.0 -9999.0 -9999.0
54794 20200825  2.623  -70.93   43.17    32.2    16.1    24.2    22.7     0.2    15.48 C    41.4    15.0    23.8    92.4    30.9    63.7   0.022   0.008 -99.000 -99.000 -99.000    21.0    20.1 -9999.0 -9999.0 -9999.0
54794 20200826  2.623  -70.93   43.17    23.3    12.6    18.0    17.7     0.0    23.00 C    33.4     8.6    19.2    64.6    19.3    40.9   0.021   0.008 -99.000 -99.000 -99.000    19.3    19.0 -9999.0 -9999.0 -9999.0
54794 20200827  2.623  -70.93   43.17    19.0     9.9    14.5    14.5     0.2     6.60 C    25.4     6.5    14.4    91.6    50.2    68.8   0.019   0.005 -99.000 -99.000 -99.000    17.1    17.3 -9999.0 -9999.0 -9999.0
54794 20200828  2.623  -70.93   43.17    28.2    11.8    20.0    19.4     0.0    21.10 C    38.5    10.0    22.0    91.9    20.9    61.0   0.018   0.005 -99.000 -99.000 -99.000    18.5    17.9 -9999.0 -9999.0 -9999.0
54794 20200829  2.623  -70.93   43.17    18.8    13.1    16.0    16.3    13.4     3.11 C    19.3    11.7    16.5    92.9    77.0    88.3   0.050   0.007 -99.000 -99.000 -99.000    18.0    17.8 -9999.0 -9999.0 -9999.0
54794 20200830  2.623  -70.93   43.17    21.6     9.6    15.6    17.1     0.0    19.55 C    29.4     7.3    17.5    92.9    36.1    63.1   0.076   0.007 -99.000 -99.000 -99.000    17.8    17.6 -9999.0 -9999.0 -9999.0
54794 20200831  2.623  -70.93   43.17    24.1     7.7    15.9    15.8     0.0    17.12 C    35.0     6.1    16.8    91.5    30.8    68.7   0.075   0.016 -99.000 -99.000 -99.000    16.4    16.3 -9999.0 -9999.0 -9999.0
54794 20200901  2.623  -70.93   43.17    24.1     9.1    16.6    16.8     0.0    18.60 C    32.7     8.0    18.4    92.4    44.9    73.7   0.069   0.019 -99.000 -99.000 -99.000    17.0    16.7 -9999.0 -9999.0 -9999.0
54794 20200902  2.623  -70.93   43.17    20.7    12.7    16.7    17.0     3.3     5.17 C    23.1    11.9    17.2    92.9    77.9    88.9   0.062   0.016 -99.000 -99.000 -99.000    17.4    17.0 -9999.0 -9999.0 -9999.0
54794 20200903  2.623  -70.93   43.17    25.2    14.5    19.8    19.7     0.3     9.19 C    31.5    13.1    20.4    93.1    55.1    82.6   0.068   0.021 -99.000 -99.000 -99.000    18.9    18.1 -9999.0 -9999.0 -9999.0
54794 20200904  2.623  -70.93   43.17    28.5    12.1    20.3    19.9     0.0    20.87 C    35.9    10.4    20.7    93.3    21.5    60.4   0.067   0.024 -99.000 -99.000 -99.000    18.5    18.0 -9999.0 -9999.0 -9999.0
54794 20200905  2.623  -70.93   43.17    24.9     8.5    16.7    17.5     0.0    20.92 C    33.3     6.0    18.3    90.1    25.6    54.7   0.059   0.021 -99.000 -99.000 -99.000    17.2    16.9 -9999.0 -9999.0 -9999.0
54794 20200906  2.623  -70.93   43.17    27.1    11.2    19.2    18.2     0.0    19.20 C    37.1    10.0    19.8    90.0    28.6    62.2   0.053   0.020 -99.000 -99.000 -99.000    17.5    17.2 -9999.0 -9999.0 -9999.0
54794 20200907  2.623  -70.93   43.17    28.5    11.9    20.2    19.1     0.0    18.32 C    36.3    10.2    20.5    91.8    30.8    70.8   0.048   0.016 -99.000 -99.000 -99.000    18.1    17.6 -9999.0 -9999.0 -9999.0
54794 20200908  2.623  -70.93   43.17    31.0    12.3    21.6    20.2     0.0    17.49 C    39.6    10.9    22.0    92.8    40.3    75.4   0.043   0.012 -99.000 -99.000 -99.000    19.0    18.2 -9999.0 -9999.0 -9999.0
54794 20200909  2.623  -70.93   43.17    28.6    14.0    21.3    19.7     0.0    14.01 C    36.9    12.7    21.5    93.1    43.7    81.1   0.037   0.009 -99.000 -99.000 -99.000    19.2    18.5 -9999.0 -9999.0 -9999.0
54794 20200910  2.623  -70.93   43.17    27.3    16.5    21.9    21.4     6.0     8.14 C    31.5    16.1    22.0    93.2    66.5    87.7   0.036   0.010 -99.000 -99.000 -99.000    20.0    19.1 -9999.0 -9999.0 -9999.0
54794 20200911  2.623  -70.93   43.17    21.6     9.0    15.3    16.0     0.0    12.35 C    30.0     6.3    16.6    92.8    46.5    76.5   0.041   0.012 -99.000 -99.000 -99.000    18.9    18.6 -9999.0 -9999.0 -9999.0
54794 20200912  2.623  -70.93   43.17    21.6     5.9    13.7    12.8     0.0    19.34 C    30.1     3.6    13.9    92.2    38.5    70.7   0.039   0.012 -99.000 -99.000 -99.000    15.8    16.0 -9999.0 -9999.0 -9999.0
54794 20200913  2.623  -70.93   43.17    23.1     5.2    14.1    15.3     0.0    13.76 C    31.0     3.2    16.5    92.5    53.3    77.0   0.037   0.011 -99.000 -99.000 -99.000    15.6    15.5 -9999.0 -9999.0 -9999.0
54794 20200914  2.623  -70.93   43.17    23.8     4.9    14.3    17.0     0.0    16.64 C    32.3     3.4    17.5    91.8    21.8    57.6   0.036   0.012 -99.000 -99.000 -99.000    17.0    16.7 -9999.0 -9999.0 -9999.0
54794 20200915  2.623  -70.93   43.17    17.7     1.7     9.7    10.1     0.0    15.62 C    27.2     0.2    11.3    90.8    36.2    66.3   0.031   0.011 -99.000 -99.000 -99.000    14.3    14.8 -9999.0 -9999.0 -9999.0
54794 20200916  2.623  -70.93   43.17    23.2     4.0    13.6    14.9     0.0    16.50 C    30.2     2.7    15.4    90.9    34.2    65.3   0.029   0.010 -99.000 -99.000 -99.000    14.7    14.6 -9999.0 -9999.0 -9999.0
54794 20200917  2.623  -70.93   43.17    25.4    10.8    18.1    17.7     0.0    14.91 C    34.5     8.8    19.1    92.0    39.0    64.6   0.027   0.008 -99.000 -99.000 -99.000    16.3    15.9 -9999.0 -9999.0 -9999.0
54794 20200918  2.623  -70.93   43.17    18.8     8.3    13.6    13.9     0.0     9.52 C    25.7     5.6    14.8    73.8    38.0    54.6   0.025   0.005 -99.000 -99.000 -99.000    16.1    16.0 -9999.0 -9999.0 -9999.0
54794 20200919  2.623  -70.93   43.17    16.9     2.2     9.5     9.8     0.0    18.73 C    26.6    -0.1    10.9    76.6    20.1    43.9   0.022   0.007 -99.000 -99.000 -99.000    13.8    14.3 -9999.0 -9999.0 -9999.0
54794 20200920  2.623  -70.93   43.17    16.5    -0.6     8.0     7.8     0.0    17.36 C    28.2    -2.2     9.1    88.1    22.4    57.1   0.020   0.010 -99.000 -99.000 -99.000    12.4    13.1 -9999.0 -9999.0 -9999.0
54794 20200921  2.623  -70.93   43.17    17.8     0.6     9.2     8.1     0.0    17.89 C    28.9    -1.3     9.8    90.7    20.1    58.4   0.019   0.009 -99.000 -99.000 -99.000    12.0    12.6 -9999.0 -9999.0 -9999.0
54794 20200922  2.623  -70.93   43.17    19.0     1.5    10.3    11.6     0.0    11.17 C    24.8    -0.4    11.7    85.1    16.8    49.8   0.018   0.006 -99.000 -99.000 -99.000    12.0    12.4 -9999.0 -9999.0 -9999.0
54794 20200923  2.623  -70.93   43.17    25.5    11.7    18.6    18.2     0.0    15.77 C    32.3     8.9    18.6    71.9    31.7    48.3   0.017   0.006 -99.000 -99.000 -99.000    14.5    14.1 -9999.0 -9999.0 -9999.0
54794 20200924  2.623  -70.93   43.17    26.8    11.0    18.9    19.4     0.0    14.20 C    34.5     9.7    20.1    85.4    30.0    56.7   0.017   0.006 -99.000 -99.000 -99.000    15.8    15.3 -9999.0 -9999.0 -9999.0
54794 20200925  2.623  -70.93   43.17    22.6    11.0    16.8    15.9     0.0    15.92 C    34.1     9.6    18.3    89.9    36.8    68.0   0.016   0.006 -99.000 -99.000 -99.000    16.1    15.8 -9999.0 -9999.0 -9999.0
54794 20200926  2.623  -70.93   43.17    23.2    11.7    17.5    15.3     0.0    12.08 C    32.3    11.7    17.7    93.3    45.8    83.0   0.016   0.004 -99.000 -99.000 -99.000    16.6    16.0 -9999.0 -9999.0 -9999.0
54794 20200927  2.623  -70.93   43.17    24.0    13.0    18.5    19.1     0.0     6.67 C    31.0    12.2    19.8    92.2    66.8    83.9   0.016   0.004 -99.000 -99.000 -99.000    17.1    16.4 -9999.0 -9999.0 -9999.0
54794 20200928  2.623  -70.93   43.17    25.2    16.9    21.1    20.7     1.2     8.15 C    31.7    15.4    21.5    93.1    62.4    84.7   0.018   0.005 -99.000 -99.000 -99.000    18.2    17.3 -9999.0 -9999.0 -9999.0
54794 20200929  2.623  -70.93   43.17    25.2    13.9    19.6    19.5     0.0    11.57 C    36.1    13.1    21.3    93.8    55.8    79.9   0.018   0.007 -99.000 -99.000 -99.000    18.1    17.4 -9999.0 -9999.0 -9999.0
54794 20200930  2.623  -70.93   43.17    22.9    10.7    16.8    18.4    12.0    10.14 C    26.0     8.7    18.3    92.6    38.1    70.0   0.049   0.025 -99.000 -99.000 -99.000    18.5    17.9 -9999.0 -9999.0 -9999.0
54794 20201001  2.623  -70.93   43.17    23.0     8.4    15.7    14.9     0.0    12.39 C    31.0     6.8    15.4    90.3    37.2    66.9   0.059   0.030 -99.000 -99.000 -99.000    16.0    16.0 -9999.0 -9999.0 -9999.0
54794 20201002  2.623  -70.93   43.17    14.1     5.8     9.9    10.8     0.4     2.21 C    15.3     3.9    10.3    92.7    73.1    85.4   0.057   0.025 -99.000 -99.000 -99.000    14.3    14.6 -9999.0 -9999.0 -9999.0
54794 20201003  2.623  -70.93   43.17    18.3     2.6    10.4    10.3     0.0    11.87 C    27.4     1.4    11.0    93.8    38.7    74.6   0.055   0.018 -99.000 -99.000 -99.000    12.8    13.1 -9999.0 -9999.0 -9999.0
54794 20201004  2.623  -70.93   43.17    18.6     2.2    10.4     9.7     0.0    12.11 C    27.8     0.6    10.7    93.1    30.2    74.3   0.053   0.014 -99.000 -99.000 -99.000    12.3    12.6 -9999.0 -9999.0 -9999.0
54794 20201005  2.623  -70.93   43.17    18.2     6.1    12.2    11.0     0.0    12.54 C    28.2     4.6    12.7    92.6    43.6    79.2   0.053   0.013 -99.000 -99.000 -99.000    13.0    13.1 -9999.0 -9999.0 -9999.0
54794 20201006  2.623  -70.93   43.17    19.2     7.1    13.2    12.5     0.0     8.11 C    27.0     7.6    13.2    96.1    45.2    81.5   0.050   0.011 -99.000 -99.000 -99.000    13.5    13.4 -9999.0 -9999.0 -9999.0
54794 20201007  2.623  -70.93   43.17    21.0    10.0    15.5    14.7     1.8     8.85 C    27.5     9.1    14.6    91.2    45.0    69.5   0.049   0.010 -99.000 -99.000 -99.000    13.9    13.8 -9999.0 -9999.0 -9999.0
54794 20201008  2.623  -70.93   43.17    14.9     4.2     9.6    10.8     0.0    15.17 C    20.0     1.5    11.1    61.0    27.8    46.1   0.047   0.010 -99.000 -99.000 -99.000    12.9    13.2 -9999.0 -9999.0 -9999.0
54794 20201009  2.623  -70.93   43.17    15.0     1.7     8.3     8.2     0.0    14.72 C    21.1    -0.7     8.7    70.5    21.9    45.4   0.046   0.008 -99.000 -99.000 -99.000    10.9    11.6 -9999.0 -9999.0 -9999.0
54794 20201010  2.623  -70.93   43.17    25.0     6.1    15.5    17.5     0.0    12.39 C    29.9     5.4    17.8    88.7    37.6    60.5   0.046   0.010 -99.000 -99.000 -99.000    13.0    12.7 -9999.0 -9999.0 -9999.0
54794 20201011  2.623  -70.93   43.17    19.3     2.7    11.0    11.5     0.0    14.18 C    25.6     1.2    12.4    83.6    31.2    55.4   0.042   0.011 -99.000 -99.000 -99.000    13.6    13.7 -9999.0 -9999.0 -9999.0
54794 20201012  2.623  -70.93   43.17    11.9     2.0     6.9     7.4     0.0     7.23 C    18.8     0.5     8.0    83.2    49.2    66.0   0.039   0.009 -99.000 -99.000 -99.000    11.3    11.8 -9999.0 -9999.0 -9999.0
54794 20201013  2.623  -70.93   43.17    11.7     7.7     9.7     9.5    34.2     2.25 C    11.6     7.6     9.5    91.2    68.6    84.8   0.091   0.055 -99.000 -99.000 -99.000    11.7    12.0 -9999.0 -9999.0 -9999.0
54794 20201014  2.623  -70.93   43.17    19.8     4.7    12.3    12.3     0.0    13.25 C    25.1     3.5    12.4    92.4    33.6    68.2   0.153   0.128 -99.000 -99.000 -99.000    12.1    12.2 -9999.0 -9999.0 -9999.0
54794 20201015  2.623  -70.93   43.17    23.0     3.5    13.3    13.2     0.0    12.82 C    28.0     2.4    13.6    92.3    38.8    70.3   0.140   0.117 -99.000 -99.000 -99.000    12.1    12.1 -9999.0 -9999.0 -9999.0
54794 20201016  2.623  -70.93   43.17    20.6    10.3    15.4    13.8    11.9     2.73 C    22.5    10.1    13.8    92.3    72.7    87.2   0.139   0.114 -99.000 -99.000 -99.000    13.4    13.1 -9999.0 -9999.0 -9999.0
54794 20201017  2.623  -70.93   43.17    13.0    -0.1     6.4     7.1    32.0     8.83 C    17.3    -1.3     7.1    91.3    34.6    76.1   0.243   0.209 -99.000 -99.000 -99.000    11.6    12.0 -9999.0 -9999.0 -9999.0
54794 20201018  2.623  -70.93   43.17    14.3    -1.7     6.3     5.7     0.0    11.35 C    20.3    -3.0     6.2    92.7    37.1    74.4   0.208   0.176 -99.000 -99.000 -99.000     9.9    10.5 -9999.0 -9999.0 -9999.0
54794 20201019  2.623  -70.93   43.17    15.7     0.3     8.0     8.1     0.0    10.46 C    22.5    -0.4     9.1    92.7    54.5    79.8   0.195   0.163 -99.000 -99.000 -99.000    10.2    10.4 -9999.0 -9999.0 -9999.0
54794 20201020  2.623  -70.93   43.17    18.5     7.1    12.8    12.9     0.0     4.87 C    21.3     6.9    13.2    91.6    67.7    84.5   0.187   0.155 -99.000 -99.000 -99.000    11.9    11.6 -9999.0 -9999.0 -9999.0
54794 20201021  2.623  -70.93   43.17    14.6    11.9    13.2    13.2     0.4     3.24 C    16.0    11.3    13.5    93.5    83.6    89.6   0.183   0.151 -99.000 -99.000 -99.000    13.1    12.7 -9999.0 -9999.0 -9999.0
54794 20201022  2.623  -70.93   43.17    19.4     7.6    13.5    13.2     0.0    11.57 C    26.1     7.3    14.4    93.9    53.6    80.6   0.179   0.147 -99.000 -99.000 -99.000    13.1    12.9 -9999.0 -9999.0 -9999.0
54794 20201023  2.623  -70.93   43.17    16.1    11.5    13.8    13.4     0.0     4.60 C    20.6    10.7    14.2    88.8    64.1    79.8   0.175   0.142 -99.000 -99.000 -99.000    13.7    13.4 -9999.0 -9999.0 -9999.0
54794 20201024  2.623  -70.93   43.17    18.9     5.1    12.0    12.8     0.0     4.21 C    23.0     3.0    13.2    91.6    55.6    73.8   0.173   0.139 -99.000 -99.000 -99.000    13.8    13.6 -9999.0 -9999.0 -9999.0
54794 20201025  2.623  -70.93   43.17     9.2     0.1     4.7     4.2     0.0     7.52 C    14.1    -0.8     4.6    89.2    48.7    71.6   0.167   0.135 -99.000 -99.000 -99.000    11.0    11.6 -9999.0 -9999.0 -9999.0
54794 20201026  2.623  -70.93   43.17     6.8     1.0     3.9     4.8     3.1     1.30 C     7.3     0.8     5.2    92.6    70.9    87.1   0.168   0.135 -99.000 -99.000 -99.000     9.9    10.4 -9999.0 -9999.0 -9999.0
54794 20201027  2.623  -70.93   43.17    11.5     5.4     8.5     8.2     0.0     6.35 C    16.1     5.2     8.5    92.6    40.9    66.6   0.169   0.138 -99.000 -99.000 -99.000    10.8    10.9 -9999.0 -9999.0 -9999.0
54794 20201028  2.623  -70.93   43.17     6.5     4.2     5.3     5.2     5.8     1.95 C     7.3     4.2     5.7    93.1    71.1    87.5   0.180   0.142 -99.000 -99.000 -99.000    10.2    10.5 -9999.0 -9999.0 -9999.0
54794 20201029  2.623  -70.93   43.17     8.3     2.6     5.5     5.3    15.0     2.26 C     9.8     1.8     5.4    93.3    80.9    89.7   0.215   0.174 -99.000 -99.000 -99.000     9.6    10.0 -9999.0 -9999.0 -9999.0
54794 20201030  2.623  -70.93   43.17     2.7    -5.0    -1.1    -0.1     1.5     2.31 C     4.5    -6.5    -0.5    87.5    42.4    70.0   0.251   0.215 -99.000 -99.000 -99.000     8.0     8.7 -9999.0 -9999.0 -9999.0
54794 20201031  2.623  -70.93   43.17     6.0    -7.4    -0.7    -1.3     0.0     9.92 C    12.2    -8.8    -1.0    88.6    30.4    69.3   0.228   0.192 -99.000 -99.000 -99.000     5.9     6.8 -9999.0 -9999.0 -9999.0
54794 20201101  2.623  -70.93   43.17    11.0    -3.0     4.0     5.0    10.1     5.10 C    13.3    -3.5     5.4    92.8    50.9    78.1   0.227   0.191 -99.000 -99.000 -99.000     6.8     7.1 -9999.0 -9999.0 -9999.0
54794 20201102  2.623  -70.93   43.17     6.0    -1.7     2.1     2.4     0.0     6.60 C     7.4    -3.3     1.9    84.1    35.4    52.6   0.249   0.215 -99.000 -99.000 -99.000     7.1     7.6 -9999.0 -9999.0 -9999.0
54794 20201103  2.623  -70.93   43.17     4.3    -4.0     0.1     0.9     0.6     9.81 C     8.8    -5.4     0.9    85.3    32.1    53.8   0.235   0.196 -99.000 -99.000 -99.000     5.9     6.6 -9999.0 -9999.0 -9999.0
54794 20201104  2.623  -70.93   43.17     9.9    -2.1     3.9     2.6     0.0     9.22 C    13.9    -2.3     3.6    87.8    37.6    62.6   0.226   0.187 -99.000 -99.000 -99.000     6.1     6.5 -9999.0 -9999.0 -9999.0
54794 20201105  2.623  -70.93   43.17    21.5    -2.5     9.5    10.1     0.0     9.77 C    24.6    -2.9     9.7    90.8    25.8    62.6   0.221   0.181 -99.000 -99.000 -99.000     7.0     7.1 -9999.0 -9999.0 -9999.0
54794 20201106  2.623  -70.93   43.17    22.5     6.9    14.7    15.0     0.0     8.85 C    25.1     6.1    14.2    89.2    26.2    55.6   0.215   0.176 -99.000 -99.000 -99.000     9.1     8.8 -9999.0 -9999.0 -9999.0
54794 20201107  2.623  -70.93   43.17    23.8     7.8    15.8    15.9     0.0     9.06 C    27.9     6.5    15.1    78.1    27.2    50.6   0.209   0.172 -99.000 -99.000 -99.000    10.0     9.8 -9999.0 -9999.0 -9999.0
54794 20201108  2.623  -70.93   43.17    22.0     5.2    13.6    11.0     0.0     5.97 C    27.2     4.2    10.6    91.2    37.5    73.8   0.203   0.167 -99.000 -99.000 -99.000     9.9     9.9 -9999.0 -9999.0 -9999.0
54794 20201109  2.623  -70.93   43.17    20.5     4.9    12.7    10.3     0.0     8.84 C    25.8     4.5    11.0    95.0    37.7    77.7   0.201   0.163 -99.000 -99.000 -99.000    10.1    10.0 -9999.0 -9999.0 -9999.0
54794 20201110  2.623  -70.93   43.17    23.3     2.1    12.7    13.1     0.0     8.79 C    26.7     0.8    12.6    92.2    37.1    68.8   0.198   0.161 -99.000 -99.000 -99.000     9.8     9.8 -9999.0 -9999.0 -9999.0
54794 20201111  2.623  -70.93   43.17    23.0    12.3    17.6    18.3     0.0     5.39 C    25.1    10.8    17.7    92.1    58.8    76.0   0.198   0.158 -99.000 -99.000 -99.000    11.5    11.0 -9999.0 -9999.0 -9999.0
54794 20201112  2.623  -70.93   43.17    19.9     4.1    12.0    12.0     2.5     0.82 C    19.2     2.9    11.4    89.8    47.9    78.2   0.201   0.159 -99.000 -99.000 -99.000    12.3    12.0 -9999.0 -9999.0 -9999.0
54794 20201113  2.623  -70.93   43.17     5.5     0.3     2.9     4.0     1.0     1.02 C     5.9    -0.8     3.8    92.7    64.1    79.3   0.201   0.160 -99.000 -99.000 -99.000     9.6    10.0 -9999.0 -9999.0 -9999.0
54794 20201114  2.623  -70.93   43.17     9.1    -3.1     3.0     3.1     0.0     7.12 C    12.3    -4.3     2.5    93.8    39.5    67.0   0.202   0.160 -99.000 -99.000 -99.000     7.7     8.4 -9999.0 -9999.0 -9999.0
54794 20201115  2.623  -70.93   43.17    12.4    -5.7     3.4     3.2     8.0     5.25 C    11.7    -6.5     3.3    88.2    50.6    73.4   0.199   0.159 -99.000 -99.000 -99.000     6.4     7.1 -9999.0 -9999.0 -9999.0
54794 20201116  2.623  -70.93   43.17    11.1     3.9     7.5     7.3     1.4     7.50 C    15.3     2.5     6.9    89.8    37.8    60.3   0.237   0.197 -99.000 -99.000 -99.000     8.0     8.2 -9999.0 -9999.0 -9999.0
54794 20201117  2.623  -70.93   43.17     7.8    -0.4     3.7     3.2     0.0     6.70 C    13.3    -1.9     2.9    66.2    35.6    53.6   0.227   0.188 -99.000 -99.000 -99.000     6.9     7.5 -9999.0 -9999.0 -9999.0
54794 20201118  2.623  -70.93   43.17     0.4    -7.8    -3.7    -2.8     0.0     7.88 C     5.7    -9.5    -2.5    63.9    32.8    45.2   0.221   0.182 -99.000 -99.000 -99.000     5.2     6.1 -9999.0 -9999.0 -9999.0
54794 20201119  2.623  -70.93   43.17     3.6    -8.8    -2.6    -1.9     0.0     6.16 C     7.0   -10.0    -1.9    66.7    39.3    55.9   0.216   0.178 -99.000 -99.000 -99.000     3.6     4.6 -9999.0 -9999.0 -9999.0
54794 20201120  2.623  -70.93   43.17    15.2     3.5     9.4     8.8     0.0     4.44 C    18.3     2.5     8.0    65.1    33.8    48.7   0.214   0.178 -99.000 -99.000 -99.000     5.7     5.8 -9999.0 -9999.0 -9999.0
54794 20201121  2.623  -70.93   43.17    14.6    -0.3     7.2     9.2     0.0     7.46 C    18.5    -2.0     8.8    66.7    35.4    49.5   0.212   0.175 -99.000 -99.000 -99.000     7.1     7.0 -9999.0 -9999.0 -9999.0
54794 20201122  2.623  -70.93   43.17     7.6    -4.2     1.7     2.0     0.0     3.02 C     7.0    -4.8     1.8    83.1    49.0    69.2   0.209   0.172 -99.000 -99.000 -99.000     5.5     6.0 -9999.0 -9999.0 -9999.0
54794 20201123  2.623  -70.93   43.17    11.6     1.6     6.6     6.7    42.0     0.49 C    11.3     0.1     6.0    92.1    55.7    78.3   0.252   0.223 -99.000 -99.000 -99.000     7.1     7.1 -9999.0 -9999.0 -9999.0
54794 20201124  2.623  -70.93   43.17     3.8    -5.8    -1.0     0.8     0.0     7.27 C     7.8    -6.9     0.5    68.6    34.6    49.7   0.240   0.211 -99.000 -99.000 -99.000     5.3     6.0 -9999.0 -9999.0 -9999.0
54794 20201125  2.623  -70.93   43.17     2.4    -5.8    -1.7    -1.2     0.0     1.68 C     3.9    -6.9    -0.9    84.6    56.3    67.1   0.231   0.201 -99.000 -99.000 -99.000     4.0     4.7 -9999.0 -9999.0 -9999.0
54794 20201126  2.623  -70.93   43.17     4.8     0.2     2.5     2.9    17.6     0.71 C     5.2     0.6     3.1    93.5    85.0    91.6   0.257   0.233 -99.000 -99.000 -99.000     5.1     5.3 -9999.0 -9999.0 -9999.0
54794 20201127  2.623  -70.93   43.17    11.2    -1.3     4.9     5.3     0.0     2.70 C    11.6    -1.7     5.1    93.8    71.5    87.1   0.243   0.218 -99.000 -99.000 -99.000     5.6     5.7 -9999.0 -9999.0 -9999.0
54794 20201128  2.623  -70.93   43.17    10.5    -0.4     5.0     4.9     0.6     2.79 C    14.9    -1.4     4.5    90.9    56.5    81.8   0.235   0.208 -99.000 -99.000 -99.000     6.2     6.3 -9999.0 -9999.0 -9999.0
54794 20201129  2.623  -70.93   43.17    10.0    -2.4     3.8     2.5     0.0     7.21 C    14.2    -3.4     2.5    91.0    41.4    74.0   0.232   0.203 -99.000 -99.000 -99.000     5.0     5.5 -9999.0 -9999.0 -9999.0
54794 20201130  2.623  -70.93   43.17    14.5    -3.4     5.6     5.6 -9999.0     1.03 C    14.1    -4.1     5.1    91.4    82.6    88.9   0.248   0.225 -99.000 -99.000 -99.000     5.3     5.4 -9999.0 -9999.0 -9999.0
54794 20201201  2.623  -70.93   43.17    15.1     5.7    10.4    12.3 -9999.0     1.39 C    14.7     3.4    11.5    93.0    40.5    75.6   0.253   0.231 -99.000 -99.000 -99.000     9.0     8.5 -9999.0 -9999.0 -9999.0
54794 20201202  2.623  -70.93   43.17     5.8    -0.3     2.7     2.9 -9999.0     5.11 C     9.6    -1.5     2.3    69.0    45.5    56.7   0.235   0.210 -99.000 -99.000 -99.000     6.4     6.9 -9999.0 -9999.0 -9999.0
54794 20201203  2.623  -70.93   43.17     8.1    -3.3     2.4     2.6 -9999.0     7.07 C    11.7    -4.6     2.2    75.0    41.3    57.0   0.232   0.203 -99.000 -99.000 -99.000     4.9     5.5 -9999.0 -9999.0 -9999.0
54794 20201204  2.623  -70.93   43.17    11.4    -1.6     4.9     4.1     0.0     3.70 C    12.6    -2.5     3.5    81.4    31.6    60.1   0.227   0.199 -99.000 -99.000 -99.000     5.0     5.4 -9999.0 -9999.0 -9999.0
54794 20201205  2.623  -70.93   43.17     3.3     0.4     1.9     1.6    57.5     0.10 C     3.2    -0.1     1.1    91.2    79.3    87.2   0.262   0.235 -99.000 -99.000 -99.000     4.5     4.9 -9999.0 -9999.0 -9999.0
54794 20201206  2.623  -70.93   43.17     0.4    -2.7    -1.1    -1.2     1.2     6.82 C     1.3    -4.1    -1.7    88.1    64.8    71.3   0.260   0.231 -99.000 -99.000 -99.000     3.7     4.2 -9999.0 -9999.0 -9999.0
54794 20201207  2.623  -70.93   43.17    -0.4    -4.3    -2.3    -2.4     0.0     5.78 C     3.0    -6.1    -2.7    74.9    59.3    67.0   0.243   0.215 -99.000 -99.000 -99.000     3.5     4.0 -9999.0 -9999.0 -9999.0
54794 20201208  2.623  -70.93   43.17    -0.7    -5.4    -3.0    -2.7 -9999.0     2.72 C     0.7    -7.4    -3.1    70.6    55.8    64.2   0.232   0.208 -99.000 -99.000 -99.000     3.3     3.8 -9999.0 -9999.0 -9999.0
54794 20201209  2.623  -70.93   43.17     0.8    -8.9    -4.0    -3.2 -9999.0     3.62 C     2.2   -10.2    -3.5    86.5    53.2    73.7   0.228   0.203 -99.000 -99.000 -99.000     2.7     3.2 -9999.0 -9999.0 -9999.0
54794 20201210  2.623  -70.93   43.17     5.3    -3.0     1.2     0.7 -9999.0     4.54 C     6.8    -4.3    -0.2    87.6    50.9    72.8   0.233   0.208 -99.000 -99.000 -99.000     3.1     3.4 -9999.0 -9999.0 -9999.0
54794 20201211  2.623  -70.93   43.17     6.3    -4.8     0.8    -0.1 -9999.0     5.25 C     6.9    -6.1    -0.5    91.2    57.8    81.4   0.242   0.217 -99.000 -99.000 -99.000     2.8     3.2 -9999.0 -9999.0 -9999.0
54794 20201212  2.623  -70.93   43.17     6.1    -2.8     1.7     1.8 -9999.0     2.66 C     6.0    -3.6     1.3    92.0    74.1    88.2   0.256   0.230 -99.000 -99.000 -99.000     2.8     3.2 -9999.0 -9999.0 -9999.0
54794 20201213  2.623  -70.93   43.17     6.7    -0.5     3.1     3.0     0.9     1.53 C     7.3    -1.7     2.7    93.5    76.1    89.9   0.257   0.231 -99.000 -99.000 -99.000     3.6     3.8 -9999.0 -9999.0 -9999.0
54794 20201214  2.623  -70.93   43.17     1.9    -1.6     0.2     0.0     0.7     1.63 C     3.4    -2.8    -0.3    91.5    71.0    87.0   0.245   0.215 -99.000 -99.000 -99.000     3.2     3.5 -9999.0 -9999.0 -9999.0
54794 20201215  2.623  -70.93   43.17    -0.1    -8.7    -4.4    -3.0     0.0     6.73 C     2.8    -9.4    -3.2    81.8    28.9    42.5   0.238   0.207 -99.000 -99.000 -99.000     2.2     2.8 -9999.0 -9999.0 -9999.0
54794 20201216  2.623  -70.93   43.17    -4.9   -11.5    -8.2    -7.8     0.0     4.87 C     0.3   -12.4    -6.8    58.9    29.3    42.6   0.227   0.197 -99.000 -99.000 -99.000     1.2     1.9 -9999.0 -9999.0 -9999.0
54794 20201217  2.623  -70.93   43.17    -4.8    -9.6    -7.2    -7.5    29.7     1.07 C    -5.5    -9.5    -7.6    82.8    45.5    74.7   0.225   0.192 -99.000 -99.000 -99.000     1.0     1.6 -9999.0 -9999.0 -9999.0
54794 20201218  2.623  -70.93   43.17     0.2   -11.9    -5.8    -4.7     0.0     5.49 C     3.5   -15.1    -5.6    84.8    27.9    52.7   0.227   0.195 -99.000 -99.000 -99.000     1.1     1.6 -9999.0 -9999.0 -9999.0
54794 20201219  2.623  -70.93   43.17    -0.7   -15.7    -8.2    -8.2     0.0     6.60 C     4.0   -18.5    -8.9    84.9    45.2    70.8   0.227   0.195 -99.000 -99.000 -99.000     1.5     1.9 -9999.0 -9999.0 -9999.0
54794 20201220  2.623  -70.93   43.17    -1.3    -9.4    -5.3    -5.1 -9999.0     2.05 C    -0.5   -10.7    -5.3    92.8    60.1    81.2   0.227   0.195 -99.000 -99.000 -99.000     2.0     2.2 -9999.0 -9999.0 -9999.0
54794 20201221  2.623  -70.93   43.17     0.4    -7.0    -3.3    -2.5     0.0     2.14 C     2.5    -9.1    -2.5    92.7    86.0    89.9   0.226   0.197 -99.000 -99.000 -99.000     2.3     2.6 -9999.0 -9999.0 -9999.0
54794 20201222  2.623  -70.93   43.17     5.9    -4.6     0.6     1.6     0.0     5.73 C     7.5    -6.6     0.4    91.5    52.8    69.4   0.227   0.201 -99.000 -99.000 -99.000     2.5     2.8 -9999.0 -9999.0 -9999.0
54794 20201223  2.623  -70.93   43.17     2.0    -4.6    -1.3    -1.0     0.0     5.60 C     3.6    -6.4    -2.1    71.2    36.9    50.5   0.229   0.206 -99.000 -99.000 -99.000     2.7     2.9 -9999.0 -9999.0 -9999.0
54794 20201224  2.623  -70.93   43.17    10.7    -6.4     2.2     3.4     0.0     3.52 C     9.2    -8.1     2.2    88.4    61.8    77.5   0.242   0.221 -99.000 -99.000 -99.000     2.5     2.9 -9999.0 -9999.0 -9999.0
54794 20201225  2.623  -70.93   43.17    13.6     6.1     9.8    11.2    29.0     0.68 C    13.2     4.9    10.6    91.0    51.9    86.2   0.281   0.258 -99.000 -99.000 -99.000     4.9     4.4 -9999.0 -9999.0 -9999.0
54794 20201226  2.623  -70.93   43.17     6.1    -2.5     1.8     0.4     0.0     6.06 C     5.1    -3.8     0.4    62.9    37.6    50.1   0.250   0.226 -99.000 -99.000 -99.000     4.2     4.7 -9999.0 -9999.0 -9999.0
54794 20201227  2.623  -70.93   43.17     3.3    -5.9    -1.3    -2.1     0.0     6.74 C     8.4    -7.1    -2.1    83.9    38.6    60.9   0.239   0.215 -99.000 -99.000 -99.000     2.1     2.8 -9999.0 -9999.0 -9999.0
54794 20201228  2.623  -70.93   43.17     6.2    -5.7     0.2     0.0     0.0     1.92 C     7.8    -6.6    -0.2    92.0    65.9    83.7   0.235   0.210 -99.000 -99.000 -99.000     1.6     2.2 -9999.0 -9999.0 -9999.0
54794 20201229  2.623  -70.93   43.17     4.6    -6.2    -0.8    -1.2     0.0     6.70 C     4.3    -8.0    -1.4    66.5    24.5    36.5   0.232   0.208 -99.000 -99.000 -99.000     1.7     2.2 -9999.0 -9999.0 -9999.0
54794 20201230  2.623  -70.93   43.17     3.3    -6.5    -1.6    -1.9     0.0     3.00 C     3.1    -7.6    -2.0    65.6    27.9    39.9   0.226   0.200 -99.000 -99.000 -99.000     1.0     1.5 -9999.0 -9999.0 -9999.0
54794 20201231  2.623  -70.93   43.17     6.0    -1.8     2.1     3.2     1.0     2.73 C     7.3    -3.8     2.2    85.0    43.0    62.7   0.230   0.204 -99.000 -99.000 -99.000     1.5     1.9 -9999.0 -9999.0 -9999.0
