54794 20230101  2.623  -70.93   43.17    12.0     3.7     7.8     8.4     2.6     3.08 C    12.6     1.7     6.7    93.7    53.0    72.0 -99.000   0.266 -99.000 -99.000 -99.000     1.0     1.4 -9999.0 -9999.0 -9999.0
54794 20230102  2.623  -70.93   43.17     8.4    -2.0     3.2     2.7     0.0     3.56 C    10.4    -4.0     1.1    89.4    51.8    70.8   0.292   0.261 -99.000 -99.000 -99.000     1.7     1.9 -9999.0 -9999.0 -9999.0
54794 20230103  2.623  -70.93   43.17     2.9    -3.8    -0.5     0.2     8.6     0.14 C     2.5    -5.0    -0.2    92.9    89.4    91.5   0.301   0.269 -99.000 -99.000 -99.000     1.3     1.6 -9999.0 -9999.0 -9999.0
54794 20230104  2.623  -70.93   43.17     7.1     2.2     4.6     4.6     7.2     2.35 C     9.5     2.2     4.9    93.1    82.2    90.4   0.309   0.276 -99.000 -99.000 -99.000     2.8     2.6 -9999.0 -9999.0 -9999.0
54794 20230105  2.623  -70.93   43.17     5.1    -0.6     2.3     1.4     4.2     1.09 C     4.6    -0.4     1.5    90.3    86.6    88.8   0.310   0.277 -99.000 -99.000 -99.000     3.2     3.2 -9999.0 -9999.0 -9999.0
54794 20230106  2.623  -70.93   43.17     0.1    -0.7    -0.3    -0.3     6.3     0.76 C     0.4    -2.4    -0.4    93.4    85.0    89.5   0.292   0.259 -99.000 -99.000 -99.000     2.5     2.7 -9999.0 -9999.0 -9999.0
54794 20230107  2.623  -70.93   43.17     4.6    -3.0     0.8     0.7     0.0     5.60 C     7.0    -4.7     0.3    93.4    60.4    79.7   0.294   0.263 -99.000 -99.000 -99.000     2.6     2.7 -9999.0 -9999.0 -9999.0
54794 20230108  2.623  -70.93   43.17     2.3    -7.8    -2.7    -3.3     0.0     8.47 C     5.7    -9.1    -3.8    73.1    28.7    56.9   0.289   0.258 -99.000 -99.000 -99.000     1.5     1.9 -9999.0 -9999.0 -9999.0
54794 20230109  2.623  -70.93   43.17     4.4    -6.8    -1.2    -1.5     0.0     7.28 C     7.5    -7.9    -2.1    78.8    47.2    65.3   0.282   0.250 -99.000 -99.000 -99.000     0.9     1.3 -9999.0 -9999.0 -9999.0
54794 20230110  2.623  -70.93   43.17     1.6    -6.9    -2.7    -1.1     0.0     7.80 C     5.5    -9.0    -1.9    79.0    33.9    53.5   0.280   0.247 -99.000 -99.000 -99.000     0.8     1.2 -9999.0 -9999.0 -9999.0
54794 20230111  2.623  -70.93   43.17    -1.3    -9.5    -5.4    -5.2     0.0     8.50 C     4.3   -10.7    -4.8    76.4    44.6    62.5   0.273   0.238 -99.000 -99.000 -99.000     0.6     1.0 -9999.0 -9999.0 -9999.0
54794 20230112  2.623  -70.93   43.17     6.0    -3.7     1.1    -1.4    27.5     0.94 C     3.6    -3.8    -1.4    93.3    61.4    81.3 -99.000   0.232 -99.000 -99.000 -99.000     0.4     0.8 -9999.0 -9999.0 -9999.0
54794 20230113  2.623  -70.93   43.17    13.1     1.9     7.5     6.9    11.4     1.53 C    12.0     1.5     6.0    93.4    72.4    84.4 -99.000   0.274 -99.000 -99.000 -99.000     0.7     1.0 -9999.0 -9999.0 -9999.0
54794 20230114  2.623  -70.93   43.17     2.1    -0.2     1.0     0.9     0.7     1.56 C     3.1    -0.4     0.7    86.8    59.5    72.7   0.298   0.268 -99.000 -99.000 -99.000     1.5     1.7 -9999.0 -9999.0 -9999.0
54794 20230115  2.623  -70.93   43.17     3.1    -1.7     0.7     0.5     4.6     2.86 C     3.5    -1.9     0.2    85.5    13.6    45.9   0.289   0.260 -99.000 -99.000 -99.000     1.3     1.6 -9999.0 -9999.0 -9999.0
54794 20230116  2.623  -70.93   43.17     1.2    -1.4    -0.1    -0.3     5.1     2.49 C     1.1    -1.8    -0.8    87.9    68.0    78.1   0.285   0.255 -99.000 -99.000 -99.000     1.3     1.5 -9999.0 -9999.0 -9999.0
54794 20230117  2.623  -70.93   43.17     7.8    -4.6     1.6     1.7     0.5     8.43 C     7.1    -7.3     0.2    90.4    39.2    66.8   0.290   0.263 -99.000 -99.000 -99.000     1.4     1.6 -9999.0 -9999.0 -9999.0
54794 20230118  2.623  -70.93   43.17     8.7     0.0     4.3     4.6     0.0     3.81 C    10.3    -0.9     3.1    85.0    51.7    68.0   0.308   0.277 -99.000 -99.000 -99.000     2.1     2.1 -9999.0 -9999.0 -9999.0
54794 20230119  2.623  -70.93   43.17     4.2     0.2     2.2     2.3     8.4     3.97 C     7.4    -1.5     1.8    91.7    51.0    63.3   0.295   0.264 -99.000 -99.000 -99.000     2.3     2.4 -9999.0 -9999.0 -9999.0
54794 20230120  2.623  -70.93   43.17     0.2    -2.6    -1.2    -0.7    14.1     1.40 C     0.4    -5.7    -1.1    91.9    86.0    88.6   0.292   0.261 -99.000 -99.000 -99.000     2.3     2.4 -9999.0 -9999.0 -9999.0
54794 20230121  2.623  -70.93   43.17    -0.9    -7.7    -4.3    -3.5     0.0     3.98 C     2.8   -12.8    -5.0    87.3    71.2    82.5   0.289   0.263 -99.000 -99.000 -99.000     2.2     2.4 -9999.0 -9999.0 -9999.0
54794 20230122  2.623  -70.93   43.17    -0.4   -12.2    -6.3    -5.3     6.4     1.62 C    -0.2   -16.3    -6.5    91.0    83.1    86.9   0.283   0.260 -99.000 -99.000 -99.000     1.8     2.1 -9999.0 -9999.0 -9999.0
54794 20230123  2.623  -70.93   43.17     0.2    -2.2    -1.0    -0.5    27.8     1.30 C    -0.1    -5.8    -0.9    91.5    77.2    88.1   0.308   0.290 -99.000 -99.000 -99.000     1.7     1.8 -9999.0 -9999.0 -9999.0
54794 20230124  2.623  -70.93   43.17     3.7    -5.6    -0.9    -0.1     0.0     7.48 C     4.8    -9.7    -2.0    87.0    59.4    75.3   0.298   0.275 -99.000 -99.000 -99.000     2.0     2.1 -9999.0 -9999.0 -9999.0
54794 20230125  2.623  -70.93   43.17     0.7    -3.5    -1.4    -1.0    17.5     2.58 C     0.0    -7.2    -2.2    92.0    61.2    84.1   0.294   0.271 -99.000 -99.000 -99.000     2.0     2.1 -9999.0 -9999.0 -9999.0
54794 20230126  2.623  -70.93   43.17     7.2    -0.9     3.1     2.8    31.7     7.19 C     5.8    -3.4     1.3    93.5    48.3    71.5   0.326   0.316 -99.000 -99.000 -99.000     1.4     1.3 -9999.0 -9999.0 -9999.0
54794 20230127  2.623  -70.93   43.17     3.0    -4.6    -0.8    -1.3     0.0    10.13 C     4.6    -8.1    -2.9    79.0    37.8    55.0   0.302   0.279 -99.000 -99.000 -99.000     1.5     1.7 -9999.0 -9999.0 -9999.0
54794 20230128  2.623  -70.93   43.17     7.5    -6.6     0.5     0.2     0.0     8.01 C     5.9    -9.9    -2.5    87.9    33.5    64.6   0.296   0.274 -99.000 -99.000 -99.000     1.5     1.6 -9999.0 -9999.0 -9999.0
54794 20230129  2.623  -70.93   43.17     8.8    -4.1     2.4     2.1     0.0     4.27 C     6.0    -6.8     0.0    84.7    45.2    66.9   0.296   0.273 -99.000 -99.000 -99.000     1.5     1.6 -9999.0 -9999.0 -9999.0
54794 20230130  2.623  -70.93   43.17     5.1    -1.1     2.0     2.0     0.5     5.03 C     3.7    -3.6     0.3    88.2    61.6    74.1   0.302   0.279 -99.000 -99.000 -99.000     1.7     1.8 -9999.0 -9999.0 -9999.0
54794 20230131  2.623  -70.93   43.17     0.6    -6.8    -3.1    -2.3     0.2     9.07 C     1.7    -7.8    -2.7    90.4    26.9    52.8   0.301   0.279 -99.000 -99.000 -99.000     1.7     1.8 -9999.0 -9999.0 -9999.0
54794 20230201  2.623  -70.93   43.17    -2.8    -9.9    -6.3    -6.6     0.0    10.55 C     1.1   -12.5    -7.3    65.7    28.5    46.6   0.291   0.267 -99.000 -99.000 -99.000     1.1     1.3 -9999.0 -9999.0 -9999.0
54794 20230202  2.623  -70.93   43.17     1.1    -9.8    -4.3    -3.2     0.0     7.89 C     2.0   -12.6    -5.1    64.4    31.3    45.8   0.282   0.240 -99.000 -99.000 -99.000     0.8     1.0 -9999.0 -9999.0 -9999.0
54794 20230203  2.623  -70.93   43.17    -1.0   -24.7   -12.9   -13.4     0.0    11.91 C    -3.7   -24.5   -13.4    56.5    22.4    36.7   0.270   0.230 -99.000 -99.000 -99.000     0.6     0.8 -9999.0 -9999.0 -9999.0
54794 20230204  2.623  -70.93   43.17   -10.9   -25.1   -18.0   -18.5     0.0    10.80 C   -10.7   -26.3   -17.9    48.1    19.3    30.1 -99.000   0.211 -99.000 -99.000 -99.000     0.0     0.3 -9999.0 -9999.0 -9999.0
54794 20230205  2.623  -70.93   43.17     7.0   -10.9    -1.9    -2.9     0.0     9.25 C     4.5   -11.6    -3.6    76.9    32.1    50.7 -99.000   0.184 -99.000 -99.000 -99.000    -0.1     0.2 -9999.0 -9999.0 -9999.0
54794 20230206  2.623  -70.93   43.17     7.6    -3.9     1.9     1.4     0.0     7.76 C     6.5    -5.8    -0.5    81.7    39.2    58.8 -99.000   0.182 -99.000 -99.000 -99.000     0.0     0.2 -9999.0 -9999.0 -9999.0
54794 20230207  2.623  -70.93   43.17    -0.5    -6.2    -3.3    -3.1     1.9    11.68 C     5.2    -9.1    -3.2    85.4    27.0    47.0 -99.000   0.184 -99.000 -99.000 -99.000     0.0     0.2 -9999.0 -9999.0 -9999.0
54794 20230208  2.623  -70.93   43.17     7.0    -3.4     1.8     1.4     0.0     9.50 C     9.7    -5.4     0.2    89.6    38.9    68.7 -99.000   0.193 -99.000 -99.000 -99.000     0.0     0.2 -9999.0 -9999.0 -9999.0
54794 20230209  2.623  -70.93   43.17     6.1    -4.2     0.9     1.4     2.3     5.90 C    11.5    -6.0     0.8    91.9    45.4    73.2 -99.000   0.217 -99.000 -99.000 -99.000     0.1     0.2 -9999.0 -9999.0 -9999.0
54794 20230210  2.623  -70.93   43.17    12.0     1.2     6.6     5.4     0.0    10.84 C    13.8    -0.2     4.5    93.3    38.9    69.6 -99.000   0.252 -99.000 -99.000 -99.000     0.1     0.2 -9999.0 -9999.0 -9999.0
54794 20230211  2.623  -70.93   43.17     4.8    -3.6     0.6     1.7     0.0    12.76 C    10.6    -5.7     0.8    58.1    21.4    41.2 -99.000   0.243 -99.000 -99.000 -99.000     0.1     0.3 -9999.0 -9999.0 -9999.0
54794 20230212  2.623  -70.93   43.17     7.8    -3.5     2.1     1.3     0.0    11.16 C    12.2    -5.7     0.8    72.5    29.2    51.3 -99.000   0.233 -99.000 -99.000 -99.000     0.1     0.3 -9999.0 -9999.0 -9999.0
54794 20230213  2.623  -70.93   43.17     6.6    -1.9     2.3     1.7     0.0    10.14 C    11.1    -4.0     1.3    79.2    41.2    64.3 -99.000   0.242 -99.000 -99.000 -99.000     0.2     0.4 -9999.0 -9999.0 -9999.0
54794 20230214  2.623  -70.93   43.17     8.6    -3.8     2.4     2.2     0.8    11.66 C    13.5    -5.4     1.6    89.7    33.7    64.8   0.263   0.241 -99.000 -99.000 -99.000     0.4     0.6 -9999.0 -9999.0 -9999.0
54794 20230215  2.623  -70.93   43.17    13.4    -4.6     4.4     3.5     0.0     7.16 C    14.5    -6.0     2.2    85.9    38.8    68.8   0.263   0.240 -99.000 -99.000 -99.000     0.4     0.7 -9999.0 -9999.0 -9999.0
54794 20230216  2.623  -70.93   43.17    13.7     4.2     9.0     9.8     0.0     7.98 C    16.3     1.3     8.3    82.5    33.9    54.5   0.276   0.252 -99.000 -99.000 -99.000     1.3     1.5 -9999.0 -9999.0 -9999.0
54794 20230217  2.623  -70.93   43.17     8.3    -5.7     1.3     3.6     1.8     1.27 C     7.8    -6.5     3.5    84.9    55.0    70.2   0.274   0.258 -99.000 -99.000 -99.000     2.8     2.7 -9999.0 -9999.0 -9999.0
54794 20230218  2.623  -70.93   43.17     2.8    -6.9    -2.1    -2.9     0.0    13.68 C     8.2    -8.6    -2.5    62.1    24.4    45.0   0.268   0.254 -99.000 -99.000 -99.000     1.2     1.6 -9999.0 -9999.0 -9999.0
54794 20230219  2.623  -70.93   43.17     5.5    -6.7    -0.6     0.3     0.0     8.78 C    12.3    -8.1     0.2    78.0    41.4    61.1   0.261   0.248 -99.000 -99.000 -99.000     0.7     1.1 -9999.0 -9999.0 -9999.0
54794 20230220  2.623  -70.93   43.17    12.4    -2.1     5.2     4.3     0.0     7.00 C    17.6    -3.7     3.6    89.1    37.1    67.7   0.261   0.248 -99.000 -99.000 -99.000     1.6     1.6 -9999.0 -9999.0 -9999.0
54794 20230221  2.623  -70.93   43.17     2.3    -1.0     0.6     0.8     2.3     2.33 C     4.2    -1.2     0.4    90.6    58.6    77.3   0.262   0.247 -99.000 -99.000 -99.000     1.8     1.9 -9999.0 -9999.0 -9999.0
54794 20230222  2.623  -70.93   43.17     4.3    -2.6     0.8     1.0     4.1    10.08 C     9.9    -5.5     1.0    92.0    35.6    66.2   0.263   0.249 -99.000 -99.000 -99.000     1.7     1.8 -9999.0 -9999.0 -9999.0
54794 20230223  2.623  -70.93   43.17    -1.9    -7.2    -4.6    -5.9    11.2     3.27 C    -2.2    -7.1    -5.6    88.1    68.1    79.0   0.260   0.247 -99.000 -99.000 -99.000     1.4     1.7 -9999.0 -9999.0 -9999.0
54794 20230224  2.623  -70.93   43.17    -2.6   -11.0    -6.8    -6.1     0.0    15.46 C    -0.8   -14.6    -6.6    84.8    34.1    56.4   0.258   0.244 -99.000 -99.000 -99.000     1.2     1.4 -9999.0 -9999.0 -9999.0
54794 20230225  2.623  -70.93   43.17    -8.3   -13.9   -11.1   -11.2     0.0     7.13 C    -5.2   -17.7   -12.0    82.1    27.4    49.4   0.253   0.235 -99.000 -99.000 -99.000     0.7     1.0 -9999.0 -9999.0 -9999.0
54794 20230226  2.623  -70.93   43.17    -5.8   -15.5   -10.7   -10.6     1.8     3.89 C    -3.8   -18.1   -11.8    84.7    75.6    80.5   0.249   0.223 -99.000 -99.000 -99.000     0.5     0.7 -9999.0 -9999.0 -9999.0
54794 20230227  2.623  -70.93   43.17    -1.2   -17.0    -9.1    -7.1     0.0    14.03 C     3.6   -20.1    -7.5    84.8    44.0    65.6   0.248   0.221 -99.000 -99.000 -99.000     0.4     0.6 -9999.0 -9999.0 -9999.0
54794 20230228  2.623  -70.93   43.17     0.6    -4.7    -2.1    -1.4    20.6     3.29 C     0.6    -4.9    -1.7    92.6    60.4    85.5   0.249   0.221 -99.000 -99.000 -99.000     0.5     0.6 -9999.0 -9999.0 -9999.0
54794 20230301  2.623  -70.93   43.17     3.2    -2.9     0.1     0.3     1.5    10.97 C     6.3    -7.2    -0.3    92.8    52.2    78.6   0.252   0.223 -99.000 -99.000 -99.000     0.6     0.7 -9999.0 -9999.0 -9999.0
54794 20230302  2.623  -70.93   43.17     3.1    -0.4     1.3     1.2    11.5     3.22 C     2.5    -1.7     0.3    92.9    61.5    86.6   0.270   0.248 -99.000 -99.000 -99.000     0.7     0.7 -9999.0 -9999.0 -9999.0
54794 20230303  2.623  -70.93   43.17     6.1    -4.6     0.7     1.8     0.0    15.08 C     8.0    -7.8     0.5    83.9    21.5    53.0   0.282   0.258 -99.000 -99.000 -99.000     0.9     0.9 -9999.0 -9999.0 -9999.0
54794 20230304  2.623  -70.93   43.17     2.6    -2.2     0.2     0.0    30.8     3.64 C     0.9    -4.6    -0.5    90.8    56.5    84.6   0.281   0.274 -99.000 -99.000 -99.000     1.0     1.0 -9999.0 -9999.0 -9999.0
54794 20230305  2.623  -70.93   43.17     6.0    -3.2     1.4     1.7     0.0    14.64 C     6.6    -6.4     0.6    87.4    45.8    68.0   0.277   0.282 -99.000 -99.000 -99.000     1.2     1.1 -9999.0 -9999.0 -9999.0
54794 20230306  2.623  -70.93   43.17     6.8     1.3     4.1     3.7     0.0    17.89 C     5.9    -2.2     1.0    58.7    14.7    33.0   0.289   0.293 -99.000 -99.000 -99.000     1.2     1.2 -9999.0 -9999.0 -9999.0
54794 20230307  2.623  -70.93   43.17     4.2    -1.5     1.3     0.2     0.4    12.39 C     5.3    -5.2    -0.9    72.5    33.5    47.4   0.287   0.283 -99.000 -99.000 -99.000     1.2     1.2 -9999.0 -9999.0 -9999.0
54794 20230308  2.623  -70.93   43.17     9.5    -2.3     3.6     2.9     0.0    13.24 C     8.0    -4.7     1.3    63.8    36.4    52.0   0.296   0.290 -99.000 -99.000 -99.000     1.1     1.2 -9999.0 -9999.0 -9999.0
54794 20230309  2.623  -70.93   43.17     8.5    -1.4     3.5     2.9     0.0    12.84 C     8.9    -4.2     1.3    73.1    34.6    54.3   0.305   0.299 -99.000 -99.000 -99.000     1.2     1.3 -9999.0 -9999.0 -9999.0
54794 20230310  2.623  -70.93   43.17     7.6    -5.2     1.2     1.4     0.0    17.63 C    15.1    -7.7     1.5    85.1    32.8    62.4   0.301   0.295 -99.000 -99.000 -99.000     1.2     1.4 -9999.0 -9999.0 -9999.0
54794 20230311  2.623  -70.93   43.17     4.1    -0.9     1.6     1.5     0.0     6.22 C     5.9    -3.7     0.8    81.3    43.0    60.5   0.293   0.287 -99.000 -99.000 -99.000     1.3     1.5 -9999.0 -9999.0 -9999.0
54794 20230312  2.623  -70.93   43.17     5.5    -2.4     1.6     1.1     0.0    18.22 C    15.3    -5.0     1.4    84.8    41.0    60.8   0.297   0.288 -99.000 -99.000 -99.000     1.3     1.5 -9999.0 -9999.0 -9999.0
54794 20230313  2.623  -70.93   43.17     5.2    -2.1     1.5     1.9     4.8     4.98 C     8.4    -3.2     2.1    87.7    66.3    80.2   0.296   0.282 -99.000 -99.000 -99.000     1.5     1.7 -9999.0 -9999.0 -9999.0
54794 20230314  2.623  -70.93   43.17     3.2     0.3     1.7     0.9    61.6     1.16 C     2.2    -0.1     0.3    91.7    80.5    88.0   0.315   0.302 -99.000 -99.000 -99.000     1.7     1.8 -9999.0 -9999.0 -9999.0
54794 20230315  2.623  -70.93   43.17     5.2    -1.0     2.1     2.4     0.0    11.39 C     5.5    -3.9     1.0    83.8    43.3    61.8   0.303   0.293 -99.000 -99.000 -99.000     1.5     1.6 -9999.0 -9999.0 -9999.0
54794 20230316  2.623  -70.93   43.17     7.8    -1.0     3.4     3.4     0.0    13.33 C     6.8    -4.2     1.2    74.1    21.7    47.3   0.305   0.295 -99.000 -99.000 -99.000     1.5     1.6 -9999.0 -9999.0 -9999.0
54794 20230317  2.623  -70.93   43.17     5.9     0.7     3.3     3.4     0.0     6.74 C     4.4     0.0     1.8    86.3    56.9    72.2   0.312   0.299 -99.000 -99.000 -99.000     1.5     1.6 -9999.0 -9999.0 -9999.0
54794 20230318  2.623  -70.93   43.17     9.4    -0.5     4.5     4.7     0.0    16.83 C    15.7    -3.6     4.3    90.2    26.0    55.6   0.321   0.304 -99.000 -99.000 -99.000     1.7     1.9 -9999.0 -9999.0 -9999.0
54794 20230319  2.623  -70.93   43.17     1.8    -5.2    -1.7    -1.0     0.0    15.35 C    11.4    -8.1    -0.9    69.0    26.7    39.0   0.294   0.283 -99.000 -99.000 -99.000     1.2     1.5 -9999.0 -9999.0 -9999.0
54794 20230320  2.623  -70.93   43.17     9.4    -6.6     1.4     1.4     0.0    20.52 C    15.2    -8.6     1.7    65.1    17.0    42.3   0.286   0.276 -99.000 -99.000 -99.000     1.2     1.4 -9999.0 -9999.0 -9999.0
54794 20230321  2.623  -70.93   43.17    13.2    -4.0     4.6     4.6     0.0    17.37 C    20.4    -5.9     5.0    73.5    21.2    45.2   0.278   0.268 -99.000 -99.000 -99.000     2.1     2.0 -9999.0 -9999.0 -9999.0
54794 20230322  2.623  -70.93   43.17     8.0    -1.0     3.5     4.0     0.0    18.49 C    17.4    -2.6     5.8    83.4    49.5    67.9   0.273   0.262 -99.000 -99.000 -99.000     3.6     3.2 -9999.0 -9999.0 -9999.0
54794 20230323  2.623  -70.93   43.17     9.1     3.6     6.3     5.9     1.0     4.54 C    13.7     3.2     6.4    91.7    73.6    84.3   0.273   0.258 -99.000 -99.000 -99.000     4.5     4.1 -9999.0 -9999.0 -9999.0
54794 20230324  2.623  -70.93   43.17     8.8    -2.1     3.4     4.7     0.0    15.25 C    16.8    -4.3     4.4    82.0    34.1    54.5   0.269   0.256 -99.000 -99.000 -99.000     4.4     4.2 -9999.0 -9999.0 -9999.0
54794 20230325  2.623  -70.93   43.17     4.1    -4.8    -0.4     0.8     9.4     5.15 C     9.1    -6.7     0.6    90.5    50.5    76.4   0.276   0.263 -99.000 -99.000 -99.000     2.7     2.9 -9999.0 -9999.0 -9999.0
54794 20230326  2.623  -70.93   43.17    10.2     0.4     5.3     5.5     1.5    13.40 C    18.1    -2.3     5.8    91.9    38.3    63.5   0.300   0.289 -99.000 -99.000 -99.000     3.9     3.6 -9999.0 -9999.0 -9999.0
54794 20230327  2.623  -70.93   43.17    12.5    -0.3     6.1     6.0     1.9    17.10 C    21.1    -3.1     7.0    88.5    23.7    54.1   0.283   0.273 -99.000 -99.000 -99.000     4.3     4.0 -9999.0 -9999.0 -9999.0
54794 20230328  2.623  -70.93   43.17     8.3    -2.0     3.1     3.6     1.1     8.35 C    14.1    -4.7     3.8    90.8    30.5    65.2   0.285   0.274 -99.000 -99.000 -99.000     4.7     4.5 -9999.0 -9999.0 -9999.0
54794 20230329  2.623  -70.93   43.17     9.2    -4.6     2.3     2.6     0.0    22.07 C    19.4    -6.7     4.1    83.1    25.4    58.2   0.278   0.265 -99.000 -99.000 -99.000     4.0     3.9 -9999.0 -9999.0 -9999.0
54794 20230330  2.623  -70.93   43.17     5.0    -2.9     1.0     0.5     0.0    22.69 C    11.1    -6.0     1.8    57.7    20.0    34.5   0.268   0.259 -99.000 -99.000 -99.000     3.8     3.8 -9999.0 -9999.0 -9999.0
54794 20230331  2.623  -70.93   43.17     9.9    -6.1     1.9     1.6     9.6    18.32 C    18.6    -8.2     3.1    91.5    21.7    51.9   0.262   0.257 -99.000 -99.000 -99.000     3.2     3.2 -9999.0 -9999.0 -9999.0
54794 20230401  2.623  -70.93   43.17     8.0     0.3     4.2     4.1    14.4     3.95 C    11.7    -0.1     4.4    93.0    87.3    91.4   0.314   0.304 -99.000 -99.000 -99.000     4.0     3.8 -9999.0 -9999.0 -9999.0
54794 20230402  2.623  -70.93   43.17     8.1    -2.2     2.9     3.8     0.0    23.07 C    15.2    -5.1     4.9    92.7    13.3    41.1   0.310   0.287 -99.000 -99.000 -99.000     4.8     4.5 -9999.0 -9999.0 -9999.0
54794 20230403  2.623  -70.93   43.17    12.5    -5.3     3.6     4.7     0.0    22.68 C    16.5    -7.0     5.6    65.7    23.9    42.9   0.302   0.271 -99.000 -99.000 -99.000     4.1     3.9 -9999.0 -9999.0 -9999.0
54794 20230404  2.623  -70.93   43.17    12.6     5.8     9.2     8.7     1.5     9.11 C    18.1     5.4     9.2    82.4    47.2    65.4   0.302   0.267 -99.000 -99.000 -99.000     5.8     5.2 -9999.0 -9999.0 -9999.0
54794 20230405  2.623  -70.93   43.17     8.5     1.2     4.8     4.0     0.3     5.45 C     7.9     1.5     4.5    90.4    42.1    63.9   0.301   0.263 -99.000 -99.000 -99.000     5.5     5.4 -9999.0 -9999.0 -9999.0
54794 20230406  2.623  -70.93   43.17    14.0     1.2     7.6     6.9     2.2     7.58 C    20.3     1.4     7.9    92.3    55.4    80.3   0.302   0.264 -99.000 -99.000 -99.000     5.8     5.4 -9999.0 -9999.0 -9999.0
54794 20230407  2.623  -70.93   43.17    11.6     1.1     6.4     7.7     0.0    12.34 C    16.2    -1.7     7.0    56.5    20.2    31.4   0.295   0.260 -99.000 -99.000 -99.000     6.1     5.8 -9999.0 -9999.0 -9999.0
54794 20230408  2.623  -70.93   43.17     8.9    -4.2     2.3     2.7     0.0    24.63 C    17.8    -6.2     4.0    59.6    15.5    32.8   0.290   0.255 -99.000 -99.000 -99.000     4.8     4.8 -9999.0 -9999.0 -9999.0
54794 20230409  2.623  -70.93   43.17    12.1    -4.8     3.7     3.6     0.0    24.49 C    21.2    -7.1     5.4    74.2    12.9    44.1   0.283   0.249 -99.000 -99.000 -99.000     4.7     4.6 -9999.0 -9999.0 -9999.0
54794 20230410  2.623  -70.93   43.17    18.3    -3.8     7.2     6.4 -9999.0    18.41 C    26.0    -5.6     7.2    80.8    10.8    48.9   0.277   0.244 -99.000 -99.000 -99.000     5.5     5.2 -9999.0 -9999.0 -9999.0
54794 20230411  2.623  -70.93   43.17    22.5     1.8    12.1    14.1     0.0    14.29 C    27.0     0.3    13.4    74.3     7.5    37.9   0.271   0.239 -99.000 -99.000 -99.000     6.8     6.2 -9999.0 -9999.0 -9999.0
54794 20230412  2.623  -70.93   43.17    19.6     8.1    13.8    15.3     0.0    18.09 C    23.9     5.8    14.7    56.3    17.6    28.0   0.262   0.232 -99.000 -99.000 -99.000     8.4     7.7 -9999.0 -9999.0 -9999.0
54794 20230413  2.623  -70.93   43.17    29.1     5.3    17.2    16.4     0.0    23.55 C    35.3     3.1    17.3    71.6    23.6    47.1   0.249   0.225 -99.000 -99.000 -99.000     9.5     8.6 -9999.0 -9999.0 -9999.0
54794 20230414  2.623  -70.93   43.17    27.4    10.6    19.0    17.4     0.0    21.69 C    35.4     8.6    17.9    78.3    30.2    49.6   0.240   0.218 -99.000 -99.000 -99.000    11.1    10.0 -9999.0 -9999.0 -9999.0
54794 20230415  2.623  -70.93   43.17    17.5     8.6    13.1    12.0     0.0    19.46 C    26.1     6.5    13.5    85.6    40.3    59.4   0.229   0.212 -99.000 -99.000 -99.000    10.6     9.9 -9999.0 -9999.0 -9999.0
54794 20230416  2.623  -70.93   43.17    15.9     8.2    12.0    11.1     0.0     9.67 C    21.8     8.3    12.8    90.6    67.2    80.9   0.229   0.207 -99.000 -99.000 -99.000    10.7    10.0 -9999.0 -9999.0 -9999.0
54794 20230417  2.623  -70.93   43.17     9.3     7.3     8.3     8.1     4.8     3.40 C    10.7     6.2     8.6    91.8    89.7    90.8   0.240   0.211 -99.000 -99.000 -99.000     9.8     9.5 -9999.0 -9999.0 -9999.0
54794 20230418  2.623  -70.93   43.17    12.6     6.5     9.6     9.3     0.7    12.94 C    19.3     5.5    10.0    92.4    39.5    65.6   0.249   0.219 -99.000 -99.000 -99.000     9.5     9.1 -9999.0 -9999.0 -9999.0
54794 20230419  2.623  -70.93   43.17     9.8     5.4     7.6     7.6     0.0    13.12 C    17.7     4.9     8.6    66.9    36.5    46.7   0.242   0.215 -99.000 -99.000 -99.000     8.8     8.5 -9999.0 -9999.0 -9999.0
54794 20230420  2.623  -70.93   43.17    14.9     2.9     8.9     7.9     0.0    25.57 C    23.0     1.8    10.1    81.1    25.5    47.6   0.233   0.212 -99.000 -99.000 -99.000     9.0     8.6 -9999.0 -9999.0 -9999.0
54794 20230421  2.623  -70.93   43.17    10.2     2.6     6.4     6.4     0.0    20.74 C    20.6     1.2     8.6    87.6    41.1    63.1   0.225   0.208 -99.000 -99.000 -99.000     8.9     8.6 -9999.0 -9999.0 -9999.0
54794 20230422  2.623  -70.93   43.17    10.5     2.1     6.3     6.9     0.0    12.15 C    15.9     0.8     8.3    89.5    55.7    75.7   0.221   0.205 -99.000 -99.000 -99.000     8.6     8.3 -9999.0 -9999.0 -9999.0
54794 20230423  2.623  -70.93   43.17     8.0     6.3     7.1     7.0    38.8     0.96 C     7.7     6.2     6.7    90.6    67.5    82.9   0.280   0.256 -99.000 -99.000 -99.000     8.1     8.0 -9999.0 -9999.0 -9999.0
54794 20230424  2.623  -70.93   43.17    12.6     6.9     9.7     8.2     2.8     8.64 C    18.2     6.7     9.1    92.1    65.1    86.9   0.306   0.291 -99.000 -99.000 -99.000     8.5     8.1 -9999.0 -9999.0 -9999.0
54794 20230425  2.623  -70.93   43.17    12.5     6.7     9.6     8.4     0.5    14.15 C    20.8     7.0    10.1    92.6    58.2    82.9   0.290   0.279 -99.000 -99.000 -99.000     9.5     8.9 -9999.0 -9999.0 -9999.0
54794 20230426  2.623  -70.93   43.17    10.1     4.0     7.1     7.1     0.0     9.14 C    17.1     3.2     8.2    90.9    62.6    80.6   0.277   0.269 -99.000 -99.000 -99.000     9.3     8.9 -9999.0 -9999.0 -9999.0
54794 20230427  2.623  -70.93   43.17    14.6     3.6     9.1     8.2     0.3    15.42 C    25.4     1.5     9.8    90.8    37.0    75.7   0.268   0.261 -99.000 -99.000 -99.000     9.2     8.8 -9999.0 -9999.0 -9999.0
54794 20230428  2.623  -70.93   43.17    16.0     2.0     9.0     9.4     0.0    26.06 C    25.7     0.2    11.4    92.4    35.8    65.9   0.262   0.251 -99.000 -99.000 -99.000     9.4     8.9 -9999.0 -9999.0 -9999.0
54794 20230429  2.623  -70.93   43.17    12.2     3.4     7.8     8.1     3.1    10.50 C    17.6     2.2     8.9    90.5    51.3    74.9   0.255   0.240 -99.000 -99.000 -99.000     9.1     8.9 -9999.0 -9999.0 -9999.0
54794 20230430  2.623  -70.93   43.17    11.6     6.8     9.2     8.3    76.8     3.33 C    11.1     6.6     8.3    91.7    88.1    89.4   0.336   0.310 -99.000 -99.000 -99.000     8.8     8.6 -9999.0 -9999.0 -9999.0
54794 20230501  2.623  -70.93   43.17    16.5     6.1    11.3    12.7     9.0    16.72 C    23.0     4.1    13.2    92.6    35.2    67.4   0.318   0.296 -99.000 -99.000 -99.000    10.5     9.8 -9999.0 -9999.0 -9999.0
54794 20230502  2.623  -70.93   43.17    12.5     3.6     8.1     8.2    10.2     7.26 C    17.8     1.8     8.4    91.3    73.8    85.9   0.310   0.290 -99.000 -99.000 -99.000     9.5     9.2 -9999.0 -9999.0 -9999.0
54794 20230503  2.623  -70.93   43.17    11.5     5.8     8.7     7.6     1.4     7.66 C    14.8     5.8     8.4    92.0    66.7    87.2   0.307   0.288 -99.000 -99.000 -99.000     9.6     9.3 -9999.0 -9999.0 -9999.0
54794 20230504  2.623  -70.93   43.17    10.7     5.0     7.9     7.2     3.7     8.49 C    16.1     5.1     8.1    90.2    55.6    76.5   0.300   0.281 -99.000 -99.000 -99.000     9.1     8.9 -9999.0 -9999.0 -9999.0
54794 20230505  2.623  -70.93   43.17    15.1     6.0    10.5    10.1     1.1    16.86 C    22.4     4.2    11.5    90.8    47.7    71.2   0.293   0.273 -99.000 -99.000 -99.000     9.9     9.4 -9999.0 -9999.0 -9999.0
54794 20230506  2.623  -70.93   43.17    23.2     6.2    14.7    15.9     0.0    26.76 C    30.3     4.3    16.6    87.5    22.3    44.2   0.278   0.257 -99.000 -99.000 -99.000    10.7    10.1 -9999.0 -9999.0 -9999.0
54794 20230507  2.623  -70.93   43.17    24.6    10.6    17.6    18.7     3.8    26.71 C    31.2     7.6    19.3    58.6    18.1    34.6   0.258   0.239 -99.000 -99.000 -99.000    11.9    11.1 -9999.0 -9999.0 -9999.0
54794 20230508  2.623  -70.93   43.17    21.6     7.3    14.4    16.2     0.0    27.07 C    28.8     4.6    17.2    71.2    11.1    36.4   0.242   0.224 -99.000 -99.000 -99.000    12.9    12.1 -9999.0 -9999.0 -9999.0
54794 20230509  2.623  -70.93   43.17    14.5     2.4     8.5     9.0     0.0    25.93 C    26.2     1.0    11.0    83.6    26.3    49.2   0.229   0.212 -99.000 -99.000 -99.000    11.1    10.9 -9999.0 -9999.0 -9999.0
54794 20230510  2.623  -70.93   43.17    22.4     1.0    11.7    13.2     0.0    27.48 C    28.8    -0.6    14.4    89.8    15.5    45.5   0.214   0.203 -99.000 -99.000 -99.000    10.8    10.4 -9999.0 -9999.0 -9999.0
54794 20230511  2.623  -70.93   43.17    26.2     5.9    16.1    17.2     0.0    24.22 C    34.1     4.3    17.9    82.0    18.7    45.1   0.200   0.192 -99.000 -99.000 -99.000    11.9    11.2 -9999.0 -9999.0 -9999.0
54794 20230512  2.623  -70.93   43.17    27.4     9.0    18.2    18.2     0.0    21.03 C    34.3     7.4    19.2    83.7    24.4    55.1   0.187   0.181 -99.000 -99.000 -99.000    13.0    12.1 -9999.0 -9999.0 -9999.0
54794 20230513  2.623  -70.93   43.17    23.0    11.4    17.2    18.2     0.0    26.29 C    30.6     8.3    19.4    80.8    16.6    40.5   0.171   0.168 -99.000 -99.000 -99.000    13.8    13.0 -9999.0 -9999.0 -9999.0
54794 20230514  2.623  -70.93   43.17    17.9     3.3    10.6    11.8     0.0    28.34 C    26.6     2.1    13.8    76.3    21.3    40.8   0.152   0.152 -99.000 -99.000 -99.000    12.5    12.1 -9999.0 -9999.0 -9999.0
54794 20230515  2.623  -70.93   43.17    22.4     3.8    13.1    14.8     0.0    21.96 C    28.6     2.4    15.5    78.1    18.6    38.9   0.136   0.136 -99.000 -99.000 -99.000    11.9    11.5 -9999.0 -9999.0 -9999.0
54794 20230516  2.623  -70.93   43.17    23.3    11.6    17.4    16.9     0.0     9.88 C    26.8    10.3    15.9    63.6    20.7    36.2   0.124   0.125 -99.000 -99.000 -99.000    12.2    11.7 -9999.0 -9999.0 -9999.0
54794 20230517  2.623  -70.93   43.17    13.7     0.9     7.3     8.3     0.0    27.98 C    20.6    -1.5    10.5    63.9    22.6    40.0   0.113   0.116 -99.000 -99.000 -99.000    12.2    11.8 -9999.0 -9999.0 -9999.0
54794 20230518  2.623  -70.93   43.17    18.0    -2.1     8.0     9.0     0.0    28.55 C    26.1    -3.7    11.2    75.5    15.8    42.6   0.100   0.103 -99.000 -99.000 -99.000    10.7    10.6 -9999.0 -9999.0 -9999.0
54794 20230519  2.623  -70.93   43.17    21.5     2.9    12.2    13.7     0.0    26.69 C    28.6     1.6    15.2    84.0    34.8    54.6   0.088   0.090 -99.000 -99.000 -99.000    11.7    11.2 -9999.0 -9999.0 -9999.0
54794 20230520  2.623  -70.93   43.17    18.0     6.2    12.1    13.3    42.7     8.23 C    24.9     5.2    14.1    91.8    65.3    82.1   0.147   0.115 -99.000 -99.000 -99.000    12.2    11.6 -9999.0 -9999.0 -9999.0
54794 20230521  2.623  -70.93   43.17    23.4    12.1    17.8    17.6     0.3    25.31 C    28.8    10.6    18.9    92.5    34.8    66.3   0.269   0.236 -99.000 -99.000 -99.000    14.1    13.2 -9999.0 -9999.0 -9999.0
54794 20230522  2.623  -70.93   43.17    17.8     5.3    11.5    12.2     0.0    27.06 C    27.1     4.2    14.3    89.5    31.6    62.8   0.234   0.209 -99.000 -99.000 -99.000    13.6    13.1 -9999.0 -9999.0 -9999.0
54794 20230523  2.623  -70.93   43.17    17.0     3.6    10.3    10.6     0.0    26.46 C    25.3     2.6    12.9    92.1    33.9    66.7   0.215   0.191 -99.000 -99.000 -99.000    12.6    12.3 -9999.0 -9999.0 -9999.0
54794 20230524  2.623  -70.93   43.17    20.7     4.0    12.3    11.7     6.3    20.30 C    27.6     3.2    13.4    91.2    34.0    71.6   0.207   0.182 -99.000 -99.000 -99.000    12.4    12.1 -9999.0 -9999.0 -9999.0
54794 20230525  2.623  -70.93   43.17    17.6     6.4    12.0    12.4     0.0    23.00 C    23.6     5.0    13.6    89.7    33.8    57.8   0.211   0.190 -99.000 -99.000 -99.000    13.0    12.5 -9999.0 -9999.0 -9999.0
54794 20230526  2.623  -70.93   43.17    19.4     3.9    11.7    11.3     0.0    27.81 C    26.4     3.2    13.6    90.2    27.4    64.1   0.196   0.180 -99.000 -99.000 -99.000    12.5    12.1 -9999.0 -9999.0 -9999.0
54794 20230527  2.623  -70.93   43.17    26.6     3.6    15.1    16.4     0.0    28.39 C    31.6     2.7    17.7    92.0    19.1    53.8   0.178   0.168 -99.000 -99.000 -99.000    12.9    12.3 -9999.0 -9999.0 -9999.0
54794 20230528  2.623  -70.93   43.17    31.1    10.1    20.6    21.8     0.0    27.45 C    34.8     9.2    22.3    82.1    23.3    47.9   0.157   0.153 -99.000 -99.000 -99.000    14.6    13.6 -9999.0 -9999.0 -9999.0
54794 20230529  2.623  -70.93   43.17    19.6     6.1    12.9    15.6     0.0    28.84 C    27.4     4.8    17.0    87.7    30.4    45.7   0.134   0.136 -99.000 -99.000 -99.000    14.7    14.1 -9999.0 -9999.0 -9999.0
54794 20230530  2.623  -70.93   43.17    19.8     3.7    11.8    12.1     0.0    25.86 C    27.7     2.7    14.1    91.9    35.4    69.3   0.115   0.122 -99.000 -99.000 -99.000    13.5    13.1 -9999.0 -9999.0 -9999.0
54794 20230531  2.623  -70.93   43.17    27.0     5.8    16.4    16.7     0.0    28.77 C    32.5     4.6    18.2    92.0    28.5    64.0   0.098   0.107 -99.000 -99.000 -99.000    13.9    13.3 -9999.0 -9999.0 -9999.0
54794 20230601  2.623  -70.93   43.17    31.7    10.5    21.1    21.7     0.0    28.01 C    37.3     9.4    23.2    90.5    29.1    60.6   0.080   0.089 -99.000 -99.000 -99.000    15.3    14.3 -9999.0 -9999.0 -9999.0
54794 20230602  2.623  -70.93   43.17    31.4    13.0    22.2    21.2     5.7    23.48 C    37.7    12.9    22.7    88.8    34.2    67.7   0.068   0.073 -99.000 -99.000 -99.000    16.6    15.5 -9999.0 -9999.0 -9999.0
54794 20230603  2.623  -70.93   43.17    13.0     7.7    10.4     9.5     2.1     5.27 C    13.0     7.3     9.8    89.7    74.2    83.7   0.073   0.068 -99.000 -99.000 -99.000    14.5    14.3 -9999.0 -9999.0 -9999.0
54794 20230604  2.623  -70.93   43.17    10.5     6.8     8.6     8.8     3.6     8.06 C    12.2     6.6     9.2    90.1    71.7    85.1   0.098   0.069 -99.000 -99.000 -99.000    12.8    12.7 -9999.0 -9999.0 -9999.0
54794 20230605  2.623  -70.93   43.17    16.2     9.6    12.9    12.2     7.5     8.62 C    19.4     9.1    12.6    90.7    69.6    85.7   0.176   0.104 -99.000 -99.000 -99.000    13.0    12.7 -9999.0 -9999.0 -9999.0
54794 20230606  2.623  -70.93   43.17    21.3     9.2    15.3    15.3     0.0    21.01 C    25.1     7.7    15.7    92.0    36.7    63.0   0.175   0.128 -99.000 -99.000 -99.000    13.7    13.1 -9999.0 -9999.0 -9999.0
54794 20230607  2.623  -70.93   43.17    17.6    10.7    14.2    14.1     0.3    15.00 C    21.9    10.2    14.6    81.3    49.0    63.7   0.157   0.121 -99.000 -99.000 -99.000    13.9    13.4 -9999.0 -9999.0 -9999.0
54794 20230608  2.623  -70.93   43.17    17.8     9.1    13.5    12.8     2.5    16.06 C    25.3     8.3    14.0    92.9    51.4    76.5   0.144   0.114 -99.000 -99.000 -99.000    13.6    13.2 -9999.0 -9999.0 -9999.0
54794 20230609  2.623  -70.93   43.17    18.0    10.3    14.2    13.0     0.0    14.58 C    25.6    10.1    14.4    92.9    62.0    83.9   0.140   0.110 -99.000 -99.000 -99.000    13.7    13.3 -9999.0 -9999.0 -9999.0
54794 20230610  2.623  -70.93   43.17    19.9     9.6    14.7    14.2     0.9    15.77 C    24.5     8.3    15.3    90.8    52.8    80.6   0.135   0.108 -99.000 -99.000 -99.000    14.0    13.5 -9999.0 -9999.0 -9999.0
54794 20230611  2.623  -70.93   43.17    26.0     7.1    16.5    17.3     0.0    27.08 C    31.4     6.4    18.7    92.3    30.4    66.0   0.123   0.100 -99.000 -99.000 -99.000    14.4    13.8 -9999.0 -9999.0 -9999.0
54794 20230612  2.623  -70.93   43.17    25.5    12.7    19.1    18.8     0.0    21.06 C    31.5    12.1    20.0    90.9    56.8    75.8   0.106   0.090 -99.000 -99.000 -99.000    15.6    14.7 -9999.0 -9999.0 -9999.0
54794 20230613  2.623  -70.93   43.17    17.2    13.2    15.2    15.3    18.4     4.52 C    18.0    13.1    15.6    91.7    84.3    90.2   0.191   0.144 -99.000 -99.000 -99.000    15.5    15.0 -9999.0 -9999.0 -9999.0
54794 20230614  2.623  -70.93   43.17    24.1    13.0    18.5    16.8    12.0    21.11 C    30.1    12.4    18.4    92.1    53.4    81.6   0.198   0.155 -99.000 -99.000 -99.000    15.8    15.1 -9999.0 -9999.0 -9999.0
54794 20230615  2.623  -70.93   43.17    24.6    13.7    19.1    18.1     0.0    21.48 C    30.0    13.3    19.5    92.3    45.8    74.9   0.216   0.188 -99.000 -99.000 -99.000    16.2    15.5 -9999.0 -9999.0 -9999.0
54794 20230616  2.623  -70.93   43.17    25.3    14.9    20.1    19.6     7.2    23.22 C    31.8    14.1    21.1    89.9    49.9    72.1   0.191   0.173 -99.000 -99.000 -99.000    16.7    16.0 -9999.0 -9999.0 -9999.0
54794 20230617  2.623  -70.93   43.17    16.7    13.5    15.1    15.0    23.8     2.50 C    17.5    13.4    15.0    91.6    84.8    89.7   0.262   0.228 -99.000 -99.000 -99.000    16.1    15.7 -9999.0 -9999.0 -9999.0
54794 20230618  2.623  -70.93   43.17    20.0    13.7    16.8    15.9     1.8    12.84 C    25.8    13.2    16.8    91.8    60.8    81.5   0.279   0.259 -99.000 -99.000 -99.000    15.7    15.3 -9999.0 -9999.0 -9999.0
54794 20230619  2.623  -70.93   43.17    19.9    11.7    15.8    15.7     0.0    19.06 C    26.2    11.2    17.3    91.8    64.7    79.1   0.252   0.236 -99.000 -99.000 -99.000    15.9    15.4 -9999.0 -9999.0 -9999.0
54794 20230620  2.623  -70.93   43.17    19.0    11.0    15.0    14.7     1.1    12.77 C    24.9     9.9    15.5    91.9    68.3    82.5   0.240   0.223 -99.000 -99.000 -99.000    15.3    15.0 -9999.0 -9999.0 -9999.0
54794 20230621  2.623  -70.93   43.17    21.0    10.1    15.5    15.5     0.0    24.62 C    28.4     8.5    17.3    92.1    55.0    76.2   0.228   0.212 -99.000 -99.000 -99.000    15.6    15.1 -9999.0 -9999.0 -9999.0
54794 20230622  2.623  -70.93   43.17    20.9     8.4    14.7    15.0     0.0    29.68 C    27.9     7.1    17.0    92.6    54.8    76.3   0.211   0.198 -99.000 -99.000 -99.000    15.3    14.9 -9999.0 -9999.0 -9999.0
54794 20230623  2.623  -70.93   43.17    25.6     9.5    17.5    18.6     0.0    26.47 C    32.5     8.6    20.6    92.2    60.4    77.4   0.197   0.185 -99.000 -99.000 -99.000    15.8    15.2 -9999.0 -9999.0 -9999.0
54794 20230624  2.623  -70.93   43.17    23.4    17.9    20.6    20.9     2.2     8.88 C    27.4    17.4    21.2    92.3    81.2    88.3   0.192   0.178 -99.000 -99.000 -99.000    16.9    16.2 -9999.0 -9999.0 -9999.0
54794 20230625  2.623  -70.93   43.17    28.3    18.9    23.6    23.6     1.9    25.66 C    34.9    18.0    25.4    92.8    60.3    77.4   0.190   0.180 -99.000 -99.000 -99.000    18.1    17.3 -9999.0 -9999.0 -9999.0
54794 20230626  2.623  -70.93   43.17    21.0    15.0    18.0    18.4     5.8     5.76 C    23.3    14.9    18.8    92.8    85.0    90.2   0.204   0.183 -99.000 -99.000 -99.000    18.0    17.5 -9999.0 -9999.0 -9999.0
54794 20230627  2.623  -70.93   43.17    24.8    15.1    19.9    20.0     1.7    15.22 C    30.0    15.0    20.9    93.1    70.5    84.5   0.227   0.202 -99.000 -99.000 -99.000    17.9    17.2 -9999.0 -9999.0 -9999.0
54794 20230628  2.623  -70.93   43.17    23.6    15.7    19.6    20.0    49.0     8.80 C    27.5    15.4    20.4    92.8    79.9    89.1   0.248   0.232 -99.000 -99.000 -99.000    18.2    17.6 -9999.0 -9999.0 -9999.0
54794 20230629  2.623  -70.93   43.17    26.5    17.7    22.1    21.5     0.8    18.10 C    32.2    17.4    22.7    92.9    55.0    81.8   0.272   0.258 -99.000 -99.000 -99.000    19.0    18.2 -9999.0 -9999.0 -9999.0
54794 20230630  2.623  -70.93   43.17    25.6    16.3    20.9    20.0     0.0    24.81 C    32.2    15.5    21.8    93.2    66.6    84.2   0.254   0.240 -99.000 -99.000 -99.000    19.1    18.4 -9999.0 -9999.0 -9999.0
54794 20230701  2.623  -70.93   43.17    24.6    17.1    20.9    19.9     0.0    22.01 C    30.8    17.1    21.7    92.4    65.5    83.6   0.240   0.225 -99.000 -99.000 -99.000    19.5    18.7 -9999.0 -9999.0 -9999.0
54794 20230702  2.623  -70.93   43.17    19.6    16.1    17.9    17.9    45.3     2.67 C    20.4    16.2    17.9    92.5    85.8    90.4   0.282   0.261 -99.000 -99.000 -99.000    18.6    18.3 -9999.0 -9999.0 -9999.0
54794 20230703  2.623  -70.93   43.17    25.2    16.5    20.8    19.8    19.3    13.41 C    29.1    16.2    20.9    92.5    71.6    86.7   0.306   0.282 -99.000 -99.000 -99.000    18.5    18.0 -9999.0 -9999.0 -9999.0
54794 20230704  2.623  -70.93   43.17    24.1    18.4    21.3    21.0     2.8    10.10 C    28.7    18.2    21.7    93.0    74.4    88.3   0.286   0.264 -99.000 -99.000 -99.000    19.0    18.4 -9999.0 -9999.0 -9999.0
54794 20230705  2.623  -70.93   43.17    31.0    17.4    24.2    24.0     0.0    25.72 C    36.0    16.8    25.6    92.6    44.5    74.6   0.269   0.250 -99.000 -99.000 -99.000    19.9    19.1 -9999.0 -9999.0 -9999.0
54794 20230706  2.623  -70.93   43.17    32.2    18.2    25.2    25.4     0.0    24.52 C    37.5    17.4    26.7    93.1    46.3    74.2   0.248   0.228 -99.000 -99.000 -99.000    20.7    19.7 -9999.0 -9999.0 -9999.0
54794 20230707  2.623  -70.93   43.17    30.7    19.6    25.2    24.7     0.0    25.38 C    35.1    19.1    25.8    92.2    45.6    74.7   0.230   0.213 -99.000 -99.000 -99.000    21.2    20.3 -9999.0 -9999.0 -9999.0
54794 20230708  2.623  -70.93   43.17    28.2    20.0    24.1    22.5     0.0    21.00 C    34.2    19.9    24.4    92.3    65.1    82.7   0.216   0.201 -99.000 -99.000 -99.000    21.5    20.5 -9999.0 -9999.0 -9999.0
54794 20230709  2.623  -70.93   43.17    25.0    19.8    22.4    21.5     0.2    10.09 C    29.1    19.8    22.4    93.0    74.9    87.2   0.211   0.194 -99.000 -99.000 -99.000    21.0    20.4 -9999.0 -9999.0 -9999.0
54794 20230710  2.623  -70.93   43.17    20.5    18.7    19.6    19.5    17.4     2.88 C    21.4    18.6    19.6    92.8    90.4    91.8   0.259   0.228 -99.000 -99.000 -99.000    20.2    19.7 -9999.0 -9999.0 -9999.0
54794 20230711  2.623  -70.93   43.17    28.9    18.0    23.4    22.7     0.8    23.72 C    32.7    17.9    24.1    92.8    43.2    75.7   0.284   0.262 -99.000 -99.000 -99.000    20.5    19.8 -9999.0 -9999.0 -9999.0
54794 20230712  2.623  -70.93   43.17    31.3    17.0    24.1    23.6     0.5    23.34 C    35.2    16.3    24.6    93.0    40.1    74.9   0.252   0.231 -99.000 -99.000 -99.000    20.7    19.9 -9999.0 -9999.0 -9999.0
54794 20230713  2.623  -70.93   43.17    29.2    18.1    23.7    24.0     4.7    21.89 C    34.2    17.4    25.0    92.8    47.7    74.2   0.235   0.215 -99.000 -99.000 -99.000    20.9    20.2 -9999.0 -9999.0 -9999.0
54794 20230714  2.623  -70.93   43.17    26.5    18.5    22.5    22.1     1.2    16.91 C    30.5    17.9    23.2    91.7    65.6    82.1   0.253   0.224 -99.000 -99.000 -99.000    20.8    20.2 -9999.0 -9999.0 -9999.0
54794 20230715  2.623  -70.93   43.17    28.3    20.5    24.4    23.8     0.0    17.59 C    33.8    20.2    25.0    91.7    68.1    83.0   0.236   0.214 -99.000 -99.000 -99.000    21.3    20.5 -9999.0 -9999.0 -9999.0
54794 20230716  2.623  -70.93   43.17    26.0    21.5    23.8    23.3    22.8     4.66 C    27.3    20.9    23.2    92.1    80.0    89.7   0.274   0.253 -99.000 -99.000 -99.000    21.2    20.6 -9999.0 -9999.0 -9999.0
54794 20230717  2.623  -70.93   43.17    29.8    20.5    25.2    24.9     0.0    24.36 C    33.8    19.6    26.1    91.9    45.7    75.3   0.278   0.258 -99.000 -99.000 -99.000    21.8    21.0 -9999.0 -9999.0 -9999.0
54794 20230718  2.623  -70.93   43.17    28.3    18.7    23.5    22.7    14.6    16.76 C    32.9    18.1    23.5    92.9    65.3    83.7   0.275   0.253 -99.000 -99.000 -99.000    21.4    20.8 -9999.0 -9999.0 -9999.0
54794 20230719  2.623  -70.93   43.17    28.0    17.5    22.7    22.5     0.0    20.71 C    32.0    16.5    23.7    93.6    45.4    77.2   0.280   0.259 -99.000 -99.000 -99.000    21.2    20.6 -9999.0 -9999.0 -9999.0
54794 20230720  2.623  -70.93   43.17    27.9    16.3    22.1    21.3     0.0    27.33 C    34.1    15.4    22.7    91.1    41.4    70.4   0.256   0.234 -99.000 -99.000 -99.000    20.7    20.2 -9999.0 -9999.0 -9999.0
54794 20230721  2.623  -70.93   43.17    24.2    15.5    19.9    19.6     7.5     9.90 C    27.8    14.5    20.0    93.7    62.3    86.2   0.260   0.230 -99.000 -99.000 -99.000    20.0    19.6 -9999.0 -9999.0 -9999.0
54794 20230722  2.623  -70.93   43.17    27.0    16.2    21.6    20.5     0.0    21.86 C    31.6    15.4    22.0    93.2    46.5    77.1   0.271   0.242 -99.000 -99.000 -99.000    20.1    19.6 -9999.0 -9999.0 -9999.0
54794 20230723  2.623  -70.93   43.17    28.5    14.0    21.2    21.6     0.0    27.64 C    32.5    13.1    23.1    92.0    32.5    66.8   0.245   0.220 -99.000 -99.000 -99.000    19.9    19.4 -9999.0 -9999.0 -9999.0
54794 20230724  2.623  -70.93   43.17    29.1    14.4    21.7    22.3     0.0    22.56 C    33.9    13.7    23.4    92.5    46.7    72.8   0.226   0.202 -99.000 -99.000 -99.000    19.9    19.3 -9999.0 -9999.0 -9999.0
54794 20230725  2.623  -70.93   43.17    29.0    16.7    22.9    22.6     0.0    20.88 C    33.1    15.8    23.5    92.0    54.8    76.8   0.217   0.190 -99.000 -99.000 -99.000    20.3    19.6 -9999.0 -9999.0 -9999.0
54794 20230726  2.623  -70.93   43.17    29.7    17.9    23.8    24.1     0.0    25.18 C    34.0    17.1    25.2    89.0    38.8    67.9   0.206   0.176 -99.000 -99.000 -99.000    20.8    20.1 -9999.0 -9999.0 -9999.0
54794 20230727  2.623  -70.93   43.17    30.0    19.9    24.9    23.7     0.7     9.20 C    31.5    18.8    23.5    90.9    64.4    80.7   0.196   0.167 -99.000 -99.000 -99.000    20.7    20.1 -9999.0 -9999.0 -9999.0
54794 20230728  2.623  -70.93   43.17    30.7    19.4    25.0    25.1     0.0    25.16 C    34.9    18.4    26.6    91.7    48.2    73.2   0.189   0.158 -99.000 -99.000 -99.000    21.3    20.5 -9999.0 -9999.0 -9999.0
54794 20230729  2.623  -70.93   43.17 -9999.0 -9999.0 -9999.0 -9999.0     5.3 -9999.00 U -9999.0 -9999.0 -9999.0 -9999.0 -9999.0 -9999.0 -99.000 -99.000 -99.000 -99.000 -99.000 -9999.0 -9999.0 -9999.0 -9999.0 -9999.0
54794 20230730  2.623  -70.93   43.17    24.1    12.5    18.3    18.1     0.0    26.06 C    34.4    11.2    21.3    90.0    41.3    68.8   0.199   0.149 -99.000 -99.000 -99.000    19.8    19.5 -9999.0 -9999.0 -9999.0
54794 20230731  2.623  -70.93   43.17    26.0    11.2    18.6    19.0     0.0    22.42 C    36.6    10.0    21.7    92.2    38.5    67.0   0.180   0.142 -99.000 -99.000 -99.000    18.8    18.5 -9999.0 -9999.0 -9999.0
54794 20230801  2.623  -70.93   43.17    23.3    11.9    17.6    18.0     0.0    25.32 C    34.4     9.8    20.8    85.9    32.9    58.5   0.165   0.131 -99.000 -99.000 -99.000    18.6    18.3 -9999.0 -9999.0 -9999.0
54794 20230802  2.623  -70.93   43.17    24.2     9.4    16.8    16.8     0.0    24.80 C    35.9     7.8    20.0    90.7    32.8    66.0   0.150   0.120 -99.000 -99.000 -99.000    17.6    17.4 -9999.0 -9999.0 -9999.0
54794 20230803  2.623  -70.93   43.17    25.9     9.3    17.6    19.0     0.0    22.29 C    34.4     8.0    21.2    92.3    40.8    67.4   0.137   0.110 -99.000 -99.000 -99.000    17.5    17.2 -9999.0 -9999.0 -9999.0
54794 20230804  2.623  -70.93   43.17    22.0    16.7    19.4    19.1    32.8     5.68 C    27.8    15.6    19.5    91.9    59.6    80.9   0.156   0.123 -99.000 -99.000 -99.000    18.4    18.0 -9999.0 -9999.0 -9999.0
54794 20230805  2.623  -70.93   43.17    26.9    14.3    20.6    19.8     0.0    21.44 C    35.7    12.6    22.6    93.2    44.3    75.4   0.251   0.221 -99.000 -99.000 -99.000    18.6    18.2 -9999.0 -9999.0 -9999.0
54794 20230806  2.623  -70.93   43.17    27.1    12.3    19.7    19.8     0.0    24.84 C    38.2    10.9    22.9    91.4    35.1    69.0   0.223   0.198 -99.000 -99.000 -99.000    18.4    18.0 -9999.0 -9999.0 -9999.0
54794 20230807  2.623  -70.93   43.17    21.8    14.2    18.0    18.3     0.8     7.09 C    26.3    13.2    18.8    92.1    67.1    82.5   0.213   0.185 -99.000 -99.000 -99.000    18.1    17.8 -9999.0 -9999.0 -9999.0
54794 20230808  2.623  -70.93   43.17    22.9    19.5    21.2    20.6    71.2     4.55 C    27.5    19.3    20.8    91.7    86.0    90.3   0.285   0.256 -99.000 -99.000 -99.000    19.1    18.6 -9999.0 -9999.0 -9999.0
54794 20230809  2.623  -70.93   43.17    27.0    16.1    21.5    21.8     0.0    22.91 C    35.1    15.0    23.6    91.0    37.6    68.8   0.277   0.253 -99.000 -99.000 -99.000    19.7    19.2 -9999.0 -9999.0 -9999.0
54794 20230810  2.623  -70.93   43.17    27.5    14.1    20.8    21.3     5.8    17.37 C    37.5    13.1    23.2    92.0    46.2    75.0   0.258   0.229 -99.000 -99.000 -99.000    19.2    18.7 -9999.0 -9999.0 -9999.0
54794 20230811  2.623  -70.93   43.17    25.7    15.6    20.6    20.7     0.0    23.97 C    34.1    14.5    22.7    91.1    39.2    66.6   0.269   0.236 -99.000 -99.000 -99.000    19.5    19.0 -9999.0 -9999.0 -9999.0
54794 20230812  2.623  -70.93   43.17    26.1    12.6    19.4    19.6     0.0    22.05 C    36.7    11.4    22.0    91.2    44.5    72.2   0.249   0.218 -99.000 -99.000 -99.000    18.8    18.4 -9999.0 -9999.0 -9999.0
54794 20230813  2.623  -70.93   43.17    28.6    16.8    22.7    21.6    27.4    15.64 C    37.6    15.6    23.2    92.0    55.1    82.7   0.266   0.236 -99.000 -99.000 -99.000    19.7    19.2 -9999.0 -9999.0 -9999.0
54794 20230814  2.623  -70.93   43.17    27.0    16.0    21.5    21.2     0.0    21.60 C    36.3    14.8    23.7    89.2    46.1    72.4   0.278   0.252 -99.000 -99.000 -99.000    19.8    19.2 -9999.0 -9999.0 -9999.0
54794 20230815  2.623  -70.93   43.17    21.4    16.6    19.0    18.9     4.4     6.01 C    23.4    15.9    19.4    92.0    76.1    87.0   0.281   0.249 -99.000 -99.000 -99.000    19.6    19.2 -9999.0 -9999.0 -9999.0
54794 20230816  2.623  -70.93   43.17    21.9    16.0    19.0    19.1     0.0     7.49 C    26.2    15.3    20.1    92.7    72.7    85.5   0.274   0.248 -99.000 -99.000 -99.000    19.3    18.9 -9999.0 -9999.0 -9999.0
54794 20230817  2.623  -70.93   43.17    21.8    17.7    19.8    19.5     1.4     7.88 C    26.4    17.0    20.6    92.4    72.3    84.9   0.268   0.238 -99.000 -99.000 -99.000    19.4    18.9 -9999.0 -9999.0 -9999.0
54794 20230818  2.623  -70.93   43.17    25.2    14.6    19.9    20.1    18.3     7.99 C    30.6    13.6    20.6    93.3    73.8    87.1   0.300   0.274 -99.000 -99.000 -99.000    19.7    19.2 -9999.0 -9999.0 -9999.0
54794 20230819  2.623  -70.93   43.17    21.6    12.4    17.0    17.1     0.0    12.60 C    27.6    11.6    17.9    88.0    55.8    74.4   0.291   0.272 -99.000 -99.000 -99.000    18.7    18.5 -9999.0 -9999.0 -9999.0
54794 20230820  2.623  -70.93   43.17    27.1    12.4    19.7    20.0     0.0    21.24 C    33.7    11.7    21.8    90.4    43.5    70.1   0.275   0.255 -99.000 -99.000 -99.000    18.7    18.2 -9999.0 -9999.0 -9999.0
54794 20230821  2.623  -70.93   43.17    28.5    15.5    22.0    22.1     0.0    15.44 C    36.0    15.0    23.8    89.4    53.5    69.1   0.258   0.237 -99.000 -99.000 -99.000    19.5    18.8 -9999.0 -9999.0 -9999.0
54794 20230822  2.623  -70.93   43.17    25.5    13.4    19.4    19.1     0.0    23.36 C    33.5    11.8    20.9    84.1    37.5    57.9   0.243   0.223 -99.000 -99.000 -99.000    19.0    18.7 -9999.0 -9999.0 -9999.0
54794 20230823  2.623  -70.93   43.17    24.4    10.2    17.3    17.1     0.0    23.24 C    32.2     8.5    19.5    90.8    31.9    66.5   0.227   0.208 -99.000 -99.000 -99.000    17.8    17.6 -9999.0 -9999.0 -9999.0
54794 20230824  2.623  -70.93   43.17    25.4    10.2    17.8    18.3     1.2    21.50 C    32.6     9.1    20.3    92.5    36.2    69.9   0.215   0.197 -99.000 -99.000 -99.000    17.7    17.4 -9999.0 -9999.0 -9999.0
54794 20230825  2.623  -70.93   43.17    21.1    14.1    17.6    18.2    32.7     2.38 C    21.3    14.0    18.2    92.0    84.3    89.8   0.294   0.272 -99.000 -99.000 -99.000    18.0    17.7 -9999.0 -9999.0 -9999.0
54794 20230826  2.623  -70.93   43.17    27.0    18.5    22.8    22.3     0.0    16.15 C    33.1    17.7    23.9    91.7    50.5    78.7   0.293   0.276 -99.000 -99.000 -99.000    19.3    18.6 -9999.0 -9999.0 -9999.0
54794 20230827  2.623  -70.93   43.17    23.7    13.8    18.8    18.7     0.4    13.54 C    30.6    13.0    19.7    92.4    58.2    80.9   0.278   0.259 -99.000 -99.000 -99.000    19.2    18.7 -9999.0 -9999.0 -9999.0
54794 20230828  2.623  -70.93   43.17    23.8    12.3    18.0    18.2     0.0    21.16 C    30.5    11.3    20.1    93.0    51.9    79.4   0.265   0.246 -99.000 -99.000 -99.000    18.5    18.1 -9999.0 -9999.0 -9999.0
54794 20230829  2.623  -70.93   43.17    24.0    15.5    19.8    19.7     0.0    20.36 C    30.7    14.8    21.8    92.7    57.9    82.3   0.250   0.232 -99.000 -99.000 -99.000    19.3    18.7 -9999.0 -9999.0 -9999.0
54794 20230830  2.623  -70.93   43.17    25.8    16.6    21.2    20.1    22.3     9.09 C    29.7    15.4    20.6    93.1    69.0    85.3   0.282   0.266 -99.000 -99.000 -99.000    19.7    19.1 -9999.0 -9999.0 -9999.0
54794 20230831  2.623  -70.93   43.17    22.3    11.4    16.9    17.2     0.0    22.22 C    28.3    10.0    18.6    82.9    35.4    60.9   0.283   0.266 -99.000 -99.000 -99.000    18.6    18.4 -9999.0 -9999.0 -9999.0
54794 20230901  2.623  -70.93   43.17    23.6     8.9    16.2    15.9     0.0    21.62 C    30.0     7.8    17.6    90.9    34.6    67.7   0.265   0.245 -99.000 -99.000 -99.000    17.3    17.2 -9999.0 -9999.0 -9999.0
54794 20230902  2.623  -70.93   43.17    26.1     8.7    17.4    18.0     0.0    19.28 C    31.1     7.8    18.9    92.8    45.3    71.1   0.252   0.233 -99.000 -99.000 -99.000    17.2    16.9 -9999.0 -9999.0 -9999.0
54794 20230903  2.623  -70.93   43.17    28.2    14.3    21.3    21.2     0.0    18.80 C    34.0    13.6    22.7    92.3    48.7    76.0   0.240   0.223 -99.000 -99.000 -99.000    18.5    17.9 -9999.0 -9999.0 -9999.0
54794 20230904  2.623  -70.93   43.17    28.8    15.7    22.2    21.4     0.0    19.60 C    34.6    15.1    23.0    92.6    53.5    78.6   0.229   0.214 -99.000 -99.000 -99.000    19.1    18.5 -9999.0 -9999.0 -9999.0
54794 20230905  2.623  -70.93   43.17    31.2    17.4    24.3    23.8     0.0    17.57 C    36.7    16.8    25.1    92.6    53.2    77.6   0.218   0.204 -99.000 -99.000 -99.000    19.8    19.1 -9999.0 -9999.0 -9999.0
54794 20230906  2.623  -70.93   43.17    31.7    20.3    26.0    25.0     0.0    15.46 C    37.0    19.2    26.4    91.4    50.9    78.0   0.207   0.195 -99.000 -99.000 -99.000    20.7    19.9 -9999.0 -9999.0 -9999.0
54794 20230907  2.623  -70.93   43.17    32.1    19.5    25.8    25.2     0.0    18.28 C    37.3    18.6    26.5    92.3    51.6    77.4   0.196   0.185 -99.000 -99.000 -99.000    21.2    20.4 -9999.0 -9999.0 -9999.0
54794 20230908  2.623  -70.93   43.17    29.4    18.5    24.0    22.3     5.9    10.95 C    33.3    18.1    22.9    91.3    60.6    82.3   0.197   0.180 -99.000 -99.000 -99.000    21.0    20.4 -9999.0 -9999.0 -9999.0
54794 20230909  2.623  -70.93   43.17    28.8    17.3    23.1    22.8     0.0    17.50 C    34.7    16.7    24.2    93.1    54.7    80.9   0.201   0.183 -99.000 -99.000 -99.000    20.9    20.3 -9999.0 -9999.0 -9999.0
54794 20230910  2.623  -70.93   43.17    22.3    18.2    20.3    19.8     3.5     5.39 C    27.7    18.1    20.3    92.1    75.8    87.0   0.195   0.181 -99.000 -99.000 -99.000    20.6    20.1 -9999.0 -9999.0 -9999.0
54794 20230911  2.623  -70.93   43.17    24.3    18.7    21.5    20.5    19.2     7.42 C    28.6    18.6    21.2    92.5    71.3    87.9   0.215   0.200 -99.000 -99.000 -99.000    20.5    20.0 -9999.0 -9999.0 -9999.0
54794 20230912  2.623  -70.93   43.17    23.9    19.6    21.8    20.8     4.4     8.03 C    28.2    19.3    21.4    92.5    76.0    89.3   0.281   0.272 -99.000 -99.000 -99.000    20.6    20.1 -9999.0 -9999.0 -9999.0
54794 20230913  2.623  -70.93   43.17    24.3    18.3    21.3    20.9     4.3     7.49 C    28.1    17.2    21.5    93.3    72.2    87.6   0.283   0.273 -99.000 -99.000 -99.000    20.8    20.3 -9999.0 -9999.0 -9999.0
54794 20230914  2.623  -70.93   43.17    23.0    12.1    17.5    18.2     0.0    19.00 C    28.0    11.0    19.3    92.6    46.4    73.6   0.273   0.265 -99.000 -99.000 -99.000    19.8    19.6 -9999.0 -9999.0 -9999.0
54794 20230915  2.623  -70.93   43.17    20.2    10.5    15.3    15.3     0.0    14.65 C    23.9     9.4    15.6    91.5    46.9    69.5   0.257   0.248 -99.000 -99.000 -99.000    18.0    18.0 -9999.0 -9999.0 -9999.0
54794 20230916  2.623  -70.93   43.17    20.6    13.5    17.0    17.4     1.7     7.54 C    21.5    12.7    16.8    82.3    45.1    56.7   0.249   0.238 -99.000 -99.000 -99.000    17.6    17.6 -9999.0 -9999.0 -9999.0
54794 20230917  2.623  -70.93   43.17    25.1    12.6    18.9    18.6     0.0    18.88 C    29.4    11.3    19.5    84.8    36.0    61.9   0.239   0.222 -99.000 -99.000 -99.000    17.6    17.4 -9999.0 -9999.0 -9999.0
54794 20230918  2.623  -70.93   43.17    17.7    14.9    16.3    16.4    84.2     1.56 C    18.0    14.7    16.3    91.4    78.6    89.6   0.283   0.263 -99.000 -99.000 -99.000    17.7    17.5 -9999.0 -9999.0 -9999.0
54794 20230919  2.623  -70.93   43.17    21.9    14.1    18.0    17.5     9.9    15.72 C    26.1    13.2    17.9    91.3    50.1    71.1   0.297   0.281 -99.000 -99.000 -99.000    17.4    17.2 -9999.0 -9999.0 -9999.0
54794 20230920  2.623  -70.93   43.17    22.1    10.3    16.2    16.2     0.0    16.78 C    29.1     9.0    17.1    90.6    46.9    70.9   0.272   0.256 -99.000 -99.000 -99.000    17.1    17.0 -9999.0 -9999.0 -9999.0
54794 20230921  2.623  -70.93   43.17    22.2     8.2    15.2    14.9     0.0    15.87 C    28.7     7.1    16.1    92.4    42.4    76.6   0.259   0.242 -99.000 -99.000 -99.000    16.2    16.2 -9999.0 -9999.0 -9999.0
54794 20230922  2.623  -70.93   43.17    19.9     8.9    14.4    13.6     0.0    16.48 C    24.4     7.5    14.2    92.1    45.1    76.9   0.249   0.232 -99.000 -99.000 -99.000    15.8    15.8 -9999.0 -9999.0 -9999.0
54794 20230923  2.623  -70.93   43.17    14.5     7.9    11.2    11.7     0.2     4.93 C    15.6     6.7    11.6    92.7    71.5    85.2   0.245   0.226 -99.000 -99.000 -99.000    14.8    15.0 -9999.0 -9999.0 -9999.0
54794 20230924  2.623  -70.93   43.17    17.3    11.9    14.6    14.1     0.0     6.31 C    19.1    11.7    14.4    89.6    61.3    78.8   0.242   0.224 -99.000 -99.000 -99.000    15.5    15.4 -9999.0 -9999.0 -9999.0
54794 20230925  2.623  -70.93   43.17    17.6    11.3    14.5    14.1     0.0     6.58 C    19.2     9.7    13.8    88.4    60.4    77.4   0.237   0.220 -99.000 -99.000 -99.000    15.5    15.4 -9999.0 -9999.0 -9999.0
54794 20230926  2.623  -70.93   43.17    17.4     7.5    12.4    12.2     0.0    16.57 C    22.1     6.3    12.8    91.5    50.3    74.3   0.230   0.214 -99.000 -99.000 -99.000    15.1    15.1 -9999.0 -9999.0 -9999.0
54794 20230927  2.623  -70.93   43.17    18.8     5.2    12.0    11.2     0.0    12.06 C    23.9     3.8    11.6    92.9    50.2    78.9   0.224   0.208 -99.000 -99.000 -99.000    13.8    14.0 -9999.0 -9999.0 -9999.0
54794 20230928  2.623  -70.93   43.17    19.1     5.4    12.3    11.5     0.0    14.55 C    25.4     4.0    12.3    93.2    43.3    78.0   0.219   0.203 -99.000 -99.000 -99.000    13.4    13.6 -9999.0 -9999.0 -9999.0
54794 20230929  2.623  -70.93   43.17    16.2     6.7    11.4    12.2     0.6     5.54 C    18.8     5.6    12.5    92.6    61.2    84.9   0.215   0.199 -99.000 -99.000 -99.000    13.5    13.6 -9999.0 -9999.0 -9999.0
54794 20230930  2.623  -70.93   43.17    18.1     9.2    13.6    13.9     0.0     8.12 C    20.9     8.1    14.1    92.0    61.6    82.7   0.214   0.198 -99.000 -99.000 -99.000    14.7    14.5 -9999.0 -9999.0 -9999.0
54794 20231001  2.623  -70.93   43.17    24.1     8.5    16.3    15.5     0.0    14.29 C    28.9     7.3    16.2    93.0    43.7    79.4   0.211   0.194 -99.000 -99.000 -99.000    14.4    14.3 -9999.0 -9999.0 -9999.0
54794 20231002  2.623  -70.93   43.17    21.9     8.3    15.1    15.7     0.0    15.85 C    26.6     6.8    16.1    92.0    32.0    69.9   0.203   0.188 -99.000 -99.000 -99.000    14.9    14.7 -9999.0 -9999.0 -9999.0
54794 20231003  2.623  -70.93   43.17    27.6     6.4    17.0    16.9     0.0    14.75 C    31.5     5.0    17.7    92.8    49.1    78.5   0.195   0.181 -99.000 -99.000 -99.000    14.6    14.3 -9999.0 -9999.0 -9999.0
54794 20231004  2.623  -70.93   43.17    26.9    13.2    20.1    18.6     0.0    14.31 C    31.3    11.9    19.4    93.2    53.4    80.0   0.188   0.175 -99.000 -99.000 -99.000    15.7    15.3 -9999.0 -9999.0 -9999.0
54794 20231005  2.623  -70.93   43.17    22.4    12.5    17.5    15.9     0.0     9.62 C    27.1    11.4    16.7    94.0    68.3    88.8   0.187   0.173 -99.000 -99.000 -99.000    15.8    15.5 -9999.0 -9999.0 -9999.0
54794 20231006  2.623  -70.93   43.17    21.0    15.6    18.3    17.4     0.0     7.56 C    24.9    15.0    18.0    92.1    70.3    87.2   0.185   0.170 -99.000 -99.000 -99.000    16.4    16.0 -9999.0 -9999.0 -9999.0
54794 20231007  2.623  -70.93   43.17    19.5    15.6    17.5    17.3     4.2     2.86 C    21.2    15.4    17.3    91.8    81.7    88.7   0.185   0.169 -99.000 -99.000 -99.000    16.8    16.4 -9999.0 -9999.0 -9999.0
54794 20231008  2.623  -70.93   43.17    17.3     7.5    12.4    12.1     1.1    11.68 C    21.0     6.4    12.3    91.3    43.4    71.7   0.204   0.174 -99.000 -99.000 -99.000    15.5    15.6 -9999.0 -9999.0 -9999.0
54794 20231009  2.623  -70.93   43.17    16.4     3.8    10.1     9.7     0.0    14.27 C    21.3     2.7    10.3    92.6    40.3    73.4   0.194   0.173 -99.000 -99.000 -99.000    13.6    13.8 -9999.0 -9999.0 -9999.0
54794 20231010  2.623  -70.93   43.17    14.2     2.4     8.3     9.0     0.0     7.94 C    18.4     1.0     9.3    92.6    54.0    80.9   0.190   0.170 -99.000 -99.000 -99.000    12.6    12.9 -9999.0 -9999.0 -9999.0
54794 20231011  2.623  -70.93   43.17    17.2     4.9    11.1    11.4     0.0     7.10 C    21.0     3.9    11.7    93.0    51.5    83.1   0.188   0.169 -99.000 -99.000 -99.000    12.7    12.8 -9999.0 -9999.0 -9999.0
54794 20231012  2.623  -70.93   43.17    18.9     7.2    13.1    12.8     0.0     9.89 C    24.6     5.3    13.3    93.0    41.8    76.0   0.184   0.166 -99.000 -99.000 -99.000    13.6    13.4 -9999.0 -9999.0 -9999.0
54794 20231013  2.623  -70.93   43.17    15.6     5.1    10.3     9.9     0.0    13.53 C    20.2     3.0    10.0    90.0    45.8    68.6   0.179   0.163 -99.000 -99.000 -99.000    12.4    12.6 -9999.0 -9999.0 -9999.0
54794 20231014  2.623  -70.93   43.17    15.9     5.6    10.7    10.6     0.0    10.37 C    21.4     4.4    10.9    87.7    43.8    69.8   0.173   0.158 -99.000 -99.000 -99.000    12.1    12.2 -9999.0 -9999.0 -9999.0
54794 20231015  2.623  -70.93   43.17    15.6     4.6    10.1     9.8     0.5     9.73 C    20.1     3.4    10.1    91.7    42.9    70.1   0.168   0.154 -99.000 -99.000 -99.000    11.8    12.0 -9999.0 -9999.0 -9999.0
54794 20231016  2.623  -70.93   43.17    14.7     8.4    11.5    10.3     6.5     6.96 C    19.7     7.1    10.4    91.2    61.6    85.1   0.179   0.154 -99.000 -99.000 -99.000    12.4    12.4 -9999.0 -9999.0 -9999.0
54794 20231017  2.623  -70.93   43.17    14.4     8.0    11.2    10.7     0.0     6.75 C    20.4     6.5    11.1    92.2    61.7    84.5   0.190   0.159 -99.000 -99.000 -99.000    12.4    12.4 -9999.0 -9999.0 -9999.0
54794 20231018  2.623  -70.93   43.17    14.9     8.8    11.8    11.1     0.0     4.66 C    18.0     8.5    11.4    92.4    57.9    82.1   0.187   0.160 -99.000 -99.000 -99.000    12.6    12.5 -9999.0 -9999.0 -9999.0
54794 20231019  2.623  -70.93   43.17    18.3     8.5    13.4    12.6     0.0    11.02 C    22.3     7.3    12.8    92.3    43.9    75.0   0.182   0.159 -99.000 -99.000 -99.000    12.8    12.7 -9999.0 -9999.0 -9999.0
54794 20231020  2.623  -70.93   43.17    15.8     7.0    11.4    12.4     8.3     2.72 C    16.9     6.1    12.5    93.3    82.3    90.2   0.186   0.163 -99.000 -99.000 -99.000    12.6    12.6 -9999.0 -9999.0 -9999.0
54794 20231021  2.623  -70.93   43.17    14.7    12.4    13.5    13.6    36.0     0.99 C    15.2    11.5    13.4    93.5    85.4    91.1   0.261   0.227 -99.000 -99.000 -99.000    13.6    13.4 -9999.0 -9999.0 -9999.0
54794 20231022  2.623  -70.93   43.17    13.8     6.3    10.1    10.7     0.2     9.11 C    18.0     6.0    10.9    85.4    50.9    67.4   0.290   0.266 -99.000 -99.000 -99.000    13.1    13.1 -9999.0 -9999.0 -9999.0
54794 20231023  2.623  -70.93   43.17    15.8     3.0     9.4     9.4     0.0    10.32 C    22.2     1.9    10.0    89.8    52.4    71.0   0.273   0.248 -99.000 -99.000 -99.000    12.3    12.4 -9999.0 -9999.0 -9999.0
54794 20231024  2.623  -70.93   43.17    13.9     0.7     7.3     7.7     0.0     7.30 C    17.4    -0.4     7.7    92.8    56.5    79.1   0.264   0.238 -99.000 -99.000 -99.000    10.9    11.2 -9999.0 -9999.0 -9999.0
54794 20231025  2.623  -70.93   43.17    23.3     4.5    13.9    13.3     0.0     8.72 C    26.3     3.5    13.4    93.0    36.2    74.9   0.256   0.232 -99.000 -99.000 -99.000    11.5    11.4 -9999.0 -9999.0 -9999.0
54794 20231026  2.623  -70.93   43.17    21.8    12.2    17.0    16.6     0.0     4.76 C    23.8    11.7    16.5    87.9    46.0    71.9   0.250   0.226 -99.000 -99.000 -99.000    13.2    12.8 -9999.0 -9999.0 -9999.0
54794 20231027  2.623  -70.93   43.17    26.3    10.7    18.5    17.8     0.0    10.78 C    29.8     9.6    17.8    92.4    36.4    69.9   0.243   0.220 -99.000 -99.000 -99.000    13.9    13.5 -9999.0 -9999.0 -9999.0
54794 20231028  2.623  -70.93   43.17    26.7    10.3    18.5    17.9     0.0     9.65 C    29.0     9.3    17.6    92.0    43.1    65.1   0.237   0.214 -99.000 -99.000 -99.000    14.2    13.9 -9999.0 -9999.0 -9999.0
54794 20231029  2.623  -70.93   43.17    12.6     6.4     9.5     8.3     4.7     1.72 C    10.8     6.4     8.0    91.0    51.8    71.3   0.234   0.211 -99.000 -99.000 -99.000    12.6    12.9 -9999.0 -9999.0 -9999.0
54794 20231030  2.623  -70.93   43.17     9.2     4.0     6.6     6.6    19.6     1.15 C     9.5     2.8     6.5    91.8    82.0    90.3   0.302   0.266 -99.000 -99.000 -99.000    11.5    11.7 -9999.0 -9999.0 -9999.0
54794 20231031  2.623  -70.93   43.17     8.2    -0.4     3.9     3.9     0.0    10.88 C    13.3    -1.4     4.6    85.2    35.6    65.6   0.292   0.265 -99.000 -99.000 -99.000    10.0    10.4 -9999.0 -9999.0 -9999.0
54794 20231101  2.623  -70.93   43.17     7.5    -1.2     3.1     3.1     0.0     7.89 C    10.5    -2.2     3.2    80.5    30.8    61.3   0.282   0.255 -99.000 -99.000 -99.000     8.9     9.4 -9999.0 -9999.0 -9999.0
54794 20231102  2.623  -70.93   43.17     7.1    -2.9     2.1     1.9     0.0    10.83 C    11.6    -4.0     2.5    84.3    31.9    57.7   0.274   0.249 -99.000 -99.000 -99.000     8.1     8.6 -9999.0 -9999.0 -9999.0
54794 20231103  2.623  -70.93   43.17    12.7    -3.0     4.9     5.6     0.0     9.43 C    15.0    -4.1     5.5    87.9    26.3    56.9   0.268   0.243 -99.000 -99.000 -99.000     7.6     7.9 -9999.0 -9999.0 -9999.0
54794 20231104  2.623  -70.93   43.17    12.3     3.9     8.1     8.4     0.0     3.17 C    13.4     3.4     7.7    79.9    40.2    61.5   0.264   0.238 -99.000 -99.000 -99.000     8.5     8.6 -9999.0 -9999.0 -9999.0
54794 20231105  2.623  -70.93   43.17    14.7     4.2     9.4     8.3     0.0     4.73 C    18.9     2.9     8.1    87.3    38.9    69.4   0.261   0.235 -99.000 -99.000 -99.000     9.2     9.2 -9999.0 -9999.0 -9999.0
54794 20231106  2.623  -70.93   43.17     7.8    -0.7     3.6     4.9     0.0     5.20 C    12.9    -1.6     5.1    82.4    45.5    67.2   0.259   0.231 -99.000 -99.000 -99.000     8.3     8.6 -9999.0 -9999.0 -9999.0
54794 20231107  2.623  -70.93   43.17    18.4     6.5    12.4    11.4     1.4     5.10 C    19.7     6.1    11.0    91.5    49.0    72.5   0.258   0.231 -99.000 -99.000 -99.000     9.7     9.5 -9999.0 -9999.0 -9999.0
54794 20231108  2.623  -70.93   43.17     7.4     0.7     4.1     2.9     0.0     9.69 C     8.9    -0.2     3.3    61.1    35.1    46.1   0.259   0.229 -99.000 -99.000 -99.000     8.6     8.9 -9999.0 -9999.0 -9999.0
54794 20231109  2.623  -70.93   43.17     1.5    -0.5     0.5     0.6     7.9     0.85 C     1.1    -0.7     0.3    93.0    52.8    84.4   0.274   0.236 -99.000 -99.000 -99.000     7.0     7.6 -9999.0 -9999.0 -9999.0
54794 20231110  2.623  -70.93   43.17     8.9    -1.1     3.9     3.5     0.0     4.20 C     9.5    -2.3     2.8    93.1    55.1    78.9   0.292   0.266 -99.000 -99.000 -99.000     6.7     7.1 -9999.0 -9999.0 -9999.0
54794 20231111  2.623  -70.93   43.17     6.5    -4.0     1.3     2.4     0.0     9.55 C    10.4    -5.5     2.4    84.2    36.9    59.6   0.280   0.263 -99.000 -99.000 -99.000     6.5     6.9 -9999.0 -9999.0 -9999.0
54794 20231112  2.623  -70.93   43.17     4.2    -6.0    -0.9    -1.8     0.0     6.92 C     8.9    -7.5    -1.9    87.8    40.5    71.2   0.272   0.256 -99.000 -99.000 -99.000     4.8     5.5 -9999.0 -9999.0 -9999.0
54794 20231113  2.623  -70.93   43.17     5.4    -5.7    -0.2    -0.4     0.0     8.53 C     9.7    -7.1     0.3    87.1    41.0    69.3   0.270   0.253 -99.000 -99.000 -99.000     4.3     4.8 -9999.0 -9999.0 -9999.0
54794 20231114  2.623  -70.93   43.17     7.3    -1.6     2.9     2.3     0.0     5.75 C    12.4    -2.6     2.5    87.7    52.7    72.6   0.271   0.249 -99.000 -99.000 -99.000     5.3     5.6 -9999.0 -9999.0 -9999.0
54794 20231115  2.623  -70.93   43.17     8.6    -4.4     2.1     1.6     0.0     8.06 C    12.4    -5.8     1.6    90.4    43.7    73.4   0.271   0.246 -99.000 -99.000 -99.000     5.0     5.3 -9999.0 -9999.0 -9999.0
54794 20231116  2.623  -70.93   43.17    15.5    -3.1     6.2     4.7     0.0     8.57 C    19.3    -3.9     4.7    89.8    33.4    69.2   0.268   0.239 -99.000 -99.000 -99.000     5.2     5.4 -9999.0 -9999.0 -9999.0
54794 20231117  2.623  -70.93   43.17    17.6    -2.4     7.6     8.3     0.0     5.25 C    17.2    -3.3     7.9    91.3    41.8    74.6   0.266   0.240 -99.000 -99.000 -99.000     5.8     5.9 -9999.0 -9999.0 -9999.0
54794 20231118  2.623  -70.93   43.17    13.4    -0.9     6.2     7.6     3.7     1.40 C    12.4    -2.6     6.9    91.8    58.7    76.2   0.276   0.249 -99.000 -99.000 -99.000     7.8     7.7 -9999.0 -9999.0 -9999.0
54794 20231119  2.623  -70.93   43.17     9.5    -4.3     2.6     3.0     0.0     7.54 C    13.0    -5.1     2.6    84.0    30.2    55.9   0.277   0.252 -99.000 -99.000 -99.000     5.8     6.2 -9999.0 -9999.0 -9999.0
54794 20231120  2.623  -70.93   43.17     3.5    -5.4    -1.0    -0.2     0.0     8.51 C     8.3    -7.5    -0.4    69.7    32.6    49.9   0.273   0.250 -99.000 -99.000 -99.000     4.9     5.4 -9999.0 -9999.0 -9999.0
54794 20231121  2.623  -70.93   43.17     3.6    -8.6    -2.5    -1.8     0.4     7.08 C     8.1   -10.1    -1.5    85.9    44.4    68.2   0.269   0.248 -99.000 -99.000 -99.000     3.3     3.9 -9999.0 -9999.0 -9999.0
54794 20231122  2.623  -70.93   43.17     8.6     2.6     5.6     5.5    41.4     1.13 C     8.7     1.5     4.9    90.3    74.9    87.4   0.324   0.301 -99.000 -99.000 -99.000     5.0     5.1 -9999.0 -9999.0 -9999.0
54794 20231123  2.623  -70.93   43.17     9.5    -0.6     4.4     4.4     0.0     7.83 C    13.0    -1.6     3.8    93.3    47.4    72.2   0.301   0.283 -99.000 -99.000 -99.000     5.3     5.4 -9999.0 -9999.0 -9999.0
54794 20231124  2.623  -70.93   43.17     7.9    -3.9     2.0     2.3     0.0     7.59 C    11.4    -5.4     2.0    86.2    35.7    54.1   0.291   0.274 -99.000 -99.000 -99.000     4.7     5.0 -9999.0 -9999.0 -9999.0
54794 20231125  2.623  -70.93   43.17     1.8    -6.6    -2.4    -2.7     0.0     7.83 C     6.6    -8.2    -2.8    65.2    25.1    43.5   0.286   0.269 -99.000 -99.000 -99.000     3.1     3.7 -9999.0 -9999.0 -9999.0
54794 20231126  2.623  -70.93   43.17     7.1    -6.5     0.3     0.8     0.0     6.75 C     9.6    -7.6     1.1    76.5    30.4    61.2   0.283   0.266 -99.000 -99.000 -99.000     2.9     3.3 -9999.0 -9999.0 -9999.0
54794 20231127  2.623  -70.93   43.17    11.0     0.9     5.9     6.6    15.7     7.06 C    14.4    -1.1     6.1    88.4    44.1    67.6   0.315   0.296 -99.000 -99.000 -99.000     5.3     5.2 -9999.0 -9999.0 -9999.0
54794 20231128  2.623  -70.93   43.17     3.4    -2.3     0.6     0.2     0.0     5.91 C     7.9    -4.1     0.0    64.9    32.5    49.3   0.297   0.280 -99.000 -99.000 -99.000     4.0     4.4 -9999.0 -9999.0 -9999.0
54794 20231129  2.623  -70.93   43.17     1.4    -6.6    -2.6    -2.3     0.0     6.55 C     5.3    -7.2    -2.6    68.1    34.7    49.8   0.288   0.275 -99.000 -99.000 -99.000     2.9     3.4 -9999.0 -9999.0 -9999.0
54794 20231130  2.623  -70.93   43.17     6.6    -7.0    -0.2    -0.2     0.0     6.71 C     9.8    -7.8    -0.6    81.2    38.8    60.9   0.291   0.269 -99.000 -99.000 -99.000     2.3     2.8 -9999.0 -9999.0 -9999.0
54794 20231201  2.623  -70.93   43.17    11.5    -2.4     4.5     5.3     3.0     5.14 C    14.4    -3.3     5.0    92.2    39.5    65.9   0.292   0.267 -99.000 -99.000 -99.000     3.4     3.4 -9999.0 -9999.0 -9999.0
54794 20231202  2.623  -70.93   43.17     9.3     1.7     5.5     5.5     0.0     3.34 C    12.6     1.1     5.2    93.1    73.8    88.5   0.300   0.273 -99.000 -99.000 -99.000     5.0     4.9 -9999.0 -9999.0 -9999.0
54794 20231203  2.623  -70.93   43.17     4.8     1.2     3.0     2.9    16.2     0.20 C     4.4     0.9     2.7    92.9    84.7    89.4   0.314   0.286 -99.000 -99.000 -99.000     4.8     4.9 -9999.0 -9999.0 -9999.0
54794 20231204  2.623  -70.93   43.17     3.1     0.3     1.7     1.3     4.0     2.14 C     5.0     0.0     1.7    91.5    85.1    89.3   0.324   0.301 -99.000 -99.000 -99.000     4.6     4.7 -9999.0 -9999.0 -9999.0
54794 20231205  2.623  -70.93   43.17     0.7    -1.5    -0.4    -0.2     0.5     1.37 C     2.4    -1.5     0.0    89.5    69.5    80.8   0.307   0.284 -99.000 -99.000 -99.000     4.4     4.5 -9999.0 -9999.0 -9999.0
54794 20231206  2.623  -70.93   43.17    -1.5    -7.0    -4.2    -3.6     0.0     3.00 C    -0.2    -8.7    -3.6    81.7    60.9    72.6   0.303   0.278 -99.000 -99.000 -99.000     3.5     3.8 -9999.0 -9999.0 -9999.0
54794 20231207  2.623  -70.93   43.17    -2.3   -10.4    -6.4    -6.4     0.0     4.92 C     2.3   -11.6    -6.5    84.7    44.3    69.8   0.296   0.271 -99.000 -99.000 -99.000     1.7     2.4 -9999.0 -9999.0 -9999.0
54794 20231208  2.623  -70.93   43.17     3.8    -8.7    -2.5    -2.9     0.0     6.90 C     9.0    -9.4    -2.3    86.8    48.6    74.1   0.290   0.264 -99.000 -99.000 -99.000     1.2     1.8 -9999.0 -9999.0 -9999.0
54794 20231209  2.623  -70.93   43.17     9.7    -1.8     4.0     3.5     0.0     5.39 C    12.6    -2.5     4.0    88.0    59.3    78.8   0.293   0.265 -99.000 -99.000 -99.000     2.2     2.2 -9999.0 -9999.0 -9999.0
54794 20231210  2.623  -70.93   43.17    15.7     2.9     9.3     7.8    14.0     2.16 C    14.6     3.1     8.0    93.8    84.7    91.1   0.305   0.276 -99.000 -99.000 -99.000     4.4     4.0 -9999.0 -9999.0 -9999.0
54794 20231211  2.623  -70.93   43.17    15.7     1.6     8.7     5.7    32.7     2.52 C    14.9    -0.1     5.2    90.1    59.0    78.2   0.335   0.312 -99.000 -99.000 -99.000     6.3     6.0 -9999.0 -9999.0 -9999.0
54794 20231212  2.623  -70.93   43.17     5.7    -1.6     2.1     1.7     0.0     6.44 C     9.4    -3.1     1.2    62.5    39.6    51.7   0.309   0.285 -99.000 -99.000 -99.000     4.2     4.4 -9999.0 -9999.0 -9999.0
54794 20231213  2.623  -70.93   43.17     5.2    -1.8     1.7     1.1     0.0     5.22 C     8.4    -3.8     0.6    72.4    36.6    54.9   0.303   0.278 -99.000 -99.000 -99.000     3.3     3.6 -9999.0 -9999.0 -9999.0
54794 20231214  2.623  -70.93   43.17     0.8    -4.9    -2.1    -1.8     0.0     6.35 C     5.2    -6.2    -1.7    52.9    33.4    42.9   0.300   0.274 -99.000 -99.000 -99.000     2.4     2.8 -9999.0 -9999.0 -9999.0
54794 20231215  2.623  -70.93   43.17    11.1    -2.6     4.2     3.3     0.0     6.40 C    13.9    -3.8     2.6    80.0    41.2    58.5   0.298   0.271 -99.000 -99.000 -99.000     2.6     2.7 -9999.0 -9999.0 -9999.0
54794 20231216  2.623  -70.93   43.17    10.7    -2.6     4.0     3.7     0.0     6.77 C    15.7    -4.4     3.3    87.5    33.8    67.1   0.296   0.269 -99.000 -99.000 -99.000     3.2     3.2 -9999.0 -9999.0 -9999.0
54794 20231217  2.623  -70.93   43.17    11.2    -3.1     4.0     4.5    12.0     1.45 C    10.6    -4.3     4.5    91.8    71.2    84.3   0.301   0.271 -99.000 -99.000 -99.000     3.5     3.5 -9999.0 -9999.0 -9999.0
54794 20231218  2.623  -70.93   43.17    15.2     6.6    10.9    12.1    66.9     0.17 C    14.6     5.1    11.4    91.5    69.4    86.2   0.345   0.326 -99.000 -99.000 -99.000     7.9     7.1 -9999.0 -9999.0 -9999.0
54794 20231219  2.623  -70.93   43.17     8.2    -0.4     3.9     4.7     0.0     5.03 C    12.0    -2.1     4.3    88.7    47.8    66.7   0.314   0.291 -99.000 -99.000 -99.000     7.0     7.0 -9999.0 -9999.0 -9999.0
54794 20231220  2.623  -70.93   43.17     6.6    -3.2     1.7     0.6     0.0     6.83 C     9.9    -4.8     0.2    78.4    25.0    57.5   0.306   0.283 -99.000 -99.000 -99.000     4.5     4.9 -9999.0 -9999.0 -9999.0
54794 20231221  2.623  -70.93   43.17     1.0    -6.6    -2.8    -2.6     0.0     7.03 C     4.7    -8.2    -3.2    85.2    27.7    56.0   0.301   0.277 -99.000 -99.000 -99.000     2.9     3.3 -9999.0 -9999.0 -9999.0
54794 20231222  2.623  -70.93   43.17     1.6    -9.6    -4.0    -4.7     0.0     6.84 C     5.9   -10.9    -4.7    81.2    20.5    54.3   0.296   0.271 -99.000 -99.000 -99.000     1.6     2.2 -9999.0 -9999.0 -9999.0
54794 20231223  2.623  -70.93   43.17     4.2    -9.0    -2.4    -2.3     0.0     5.39 C     6.4   -10.1    -2.3    85.2    38.4    66.9   0.291   0.265 -99.000 -99.000 -99.000     1.1     1.6 -9999.0 -9999.0 -9999.0
54794 20231224  2.623  -70.93   43.17     5.6    -0.9     2.4     2.2     0.0     2.27 C     7.2    -1.9     2.3    90.7    74.6    84.8   0.294   0.266 -99.000 -99.000 -99.000     1.9     2.0 -9999.0 -9999.0 -9999.0
54794 20231225  2.623  -70.93   43.17     7.7     2.5     5.1     4.4     0.5     1.94 C     9.6     2.3     4.6    93.2    84.5    91.4   0.294   0.267 -99.000 -99.000 -99.000     3.6     3.4 -9999.0 -9999.0 -9999.0
54794 20231226  2.623  -70.93   43.17    11.8     0.6     6.2     4.4     0.0     5.59 C    14.8     0.8     5.0    94.7    62.8    88.2   0.292   0.266 -99.000 -99.000 -99.000     4.5     4.3 -9999.0 -9999.0 -9999.0
54794 20231227  2.623  -70.93   43.17     7.9     3.2     5.5     5.7     1.0     1.92 C     8.9     3.0     5.9    93.2    90.4    91.9   0.292   0.265 -99.000 -99.000 -99.000     5.0     4.9 -9999.0 -9999.0 -9999.0
54794 20231228  2.623  -70.93   43.17     6.1     4.2     5.1     4.9    21.7     0.44 C     5.9     4.0     4.7    92.7    88.4    90.9   0.324   0.296 -99.000 -99.000 -99.000     5.4     5.3 -9999.0 -9999.0 -9999.0
54794 20231229  2.623  -70.93   43.17     5.2     3.4     4.3     4.1     5.1     1.74 C     6.4     3.2     4.3    93.1    87.5    91.0   0.327   0.304 -99.000 -99.000 -99.000     5.3     5.2 -9999.0 -9999.0 -9999.0
54794 20231230  2.623  -70.93   43.17     4.8     0.7     2.7     3.4     2.1     1.53 C     6.0     0.1     3.4    93.1    63.3    83.3   0.317   0.293 -99.000 -99.000 -99.000     5.4     5.4 -9999.0 -9999.0 -9999.0
54794 20231231  2.623  -70.93   43.17     1.4    -3.5    -1.0    -0.9     0.0     4.10 C     4.5    -5.1    -1.3    73.3    51.7    61.2   0.305   0.287 -99.000 -99.000 -99.000     3.9     4.2 -9999.0 -9999.0 -9999.0
