54794 20190101  2.623  -70.93   43.17     9.4    -2.1     3.6     3.2    13.1     5.88 C     8.7    -6.3     0.3    92.5    45.6    69.8   0.330   0.273 -99.000 -99.000 -99.000     0.9     1.2 -9999.0 -9999.0 -9999.0
54794 20190102  2.623  -70.93   43.17     0.2    -5.6    -2.7    -3.5     0.0     7.84 C     5.0    -9.8    -4.2    66.5    19.8    45.8   0.311   0.247 -99.000 -99.000 -99.000     0.6     1.0 -9999.0 -9999.0 -9999.0
54794 20190103  2.623  -70.93   43.17     3.8    -4.1    -0.2    -0.9     3.9     6.09 C     2.0    -6.7    -2.4    88.3    59.3    75.7   0.305   0.247 -99.000 -99.000 -99.000     0.5     0.8 -9999.0 -9999.0 -9999.0
54794 20190104  2.623  -70.93   43.17     6.3    -3.0     1.7     1.9     0.0     6.81 C     7.1    -4.9    -0.7    82.4    41.9    59.4   0.312   0.252 -99.000 -99.000 -99.000     0.7     1.0 -9999.0 -9999.0 -9999.0
54794 20190105  2.623  -70.93   43.17     3.3    -2.5     0.4     0.4     1.2     2.63 C     6.4    -4.7     0.0    90.6    74.5    84.3   0.314   0.249 -99.000 -99.000 -99.000     0.9     1.2 -9999.0 -9999.0 -9999.0
54794 20190106  2.623  -70.93   43.17     5.2    -6.2    -0.5    -0.3     0.0     4.28 C     8.1    -9.0    -2.4    90.7    37.5    63.6   0.312   0.247 -99.000 -99.000 -99.000     0.9     1.3 -9999.0 -9999.0 -9999.0
54794 20190107  2.623  -70.93   43.17    -2.8   -10.4    -6.6    -6.6     0.0     8.02 C     3.1   -12.8    -6.5    49.9    20.9    37.3   0.292   0.232 -99.000 -99.000 -99.000     0.5     0.9 -9999.0 -9999.0 -9999.0
54794 20190108  2.623  -70.93   43.17     0.3    -6.9    -3.3    -3.2     8.0     0.81 C    -0.1    -5.9    -2.5    91.6    42.0    80.3 -99.000   0.232 -99.000 -99.000 -99.000     0.3     0.6 -9999.0 -9999.0 -9999.0
54794 20190109  2.623  -70.93   43.17     2.7    -0.1     1.3     1.1     9.3     2.44 C     0.7    -3.6    -0.3    93.1    64.6    82.2 -99.000   0.266 -99.000 -99.000 -99.000     0.3     0.5 -9999.0 -9999.0 -9999.0
54794 20190110  2.623  -70.93   43.17     0.7    -6.5    -2.9    -2.0     0.0     4.47 C     2.3    -9.0    -3.3    71.3    49.4    58.0 -99.000   0.260 -99.000 -99.000 -99.000     0.4     0.6 -9999.0 -9999.0 -9999.0
54794 20190111  2.623  -70.93   43.17    -5.3   -13.2    -9.3    -8.6     0.0     8.35 C     0.4   -14.5    -8.6    58.1    40.0    48.1 -99.000   0.243 -99.000 -99.000 -99.000     0.3     0.6 -9999.0 -9999.0 -9999.0
54794 20190112  2.623  -70.93   43.17    -6.4   -13.6   -10.0   -10.4     0.0     8.81 C     0.3   -15.0   -10.4    56.6    33.0    44.6 -99.000   0.207 -99.000 -99.000 -99.000    -0.1     0.3 -9999.0 -9999.0 -9999.0
54794 20190113  2.623  -70.93   43.17    -3.1   -13.9    -8.5    -9.3     0.0     8.75 C     5.1   -15.5    -9.1    79.5    34.3    61.1 -99.000 -99.000 -99.000 -99.000 -99.000    -0.4     0.1 -9999.0 -9999.0 -9999.0
54794 20190114  2.623  -70.93   43.17    -0.9   -12.3    -6.6    -7.6     0.0     8.96 C     6.1   -14.5    -7.8    79.4    40.1    66.0 -99.000 -99.000 -99.000 -99.000 -99.000    -0.6    -0.1 -9999.0 -9999.0 -9999.0
54794 20190115  2.623  -70.93   43.17     1.2   -11.8    -5.3    -5.4     0.0     7.30 C     8.7   -14.1    -6.3    82.9    42.1    67.5 -99.000 -99.000 -99.000 -99.000 -99.000    -0.6    -0.2 -9999.0 -9999.0 -9999.0
54794 20190116  2.623  -70.93   43.17     2.6    -9.1    -3.3    -2.4     0.0     5.80 C     9.3   -11.2    -3.7    86.9    25.9    62.1 -99.000 -99.000 -99.000 -99.000 -99.000    -0.5    -0.2 -9999.0 -9999.0 -9999.0
54794 20190117  2.623  -70.93   43.17    -4.6   -12.8    -8.7    -8.4     0.0     9.26 C     3.8   -16.1    -8.1    52.9    17.8    35.6 -99.000 -99.000 -99.000 -99.000 -99.000    -0.8    -0.2 -9999.0 -9999.0 -9999.0
54794 20190118  2.623  -70.93   43.17     1.4    -9.7    -4.1    -3.8     0.0     3.20 C     6.8   -13.2    -3.5    75.5    47.6    58.9 -99.000 -99.000 -99.000 -99.000 -99.000    -0.6    -0.3 -9999.0 -9999.0 -9999.0
54794 20190119  2.623  -70.93   43.17    -0.6    -9.7    -5.1    -4.2     1.5     6.04 C     7.9   -10.4    -3.9    78.9    33.8    57.8 -99.000 -99.000 -99.000 -99.000 -99.000    -0.5    -0.3 -9999.0 -9999.0 -9999.0
54794 20190120  2.623  -70.93   43.17    -6.4   -15.3   -10.9   -10.6    18.8     0.51 C    -6.1   -18.1   -10.5    84.1    47.8    74.6 -99.000 -99.000 -99.000 -99.000 -99.000    -0.7    -0.3 -9999.0 -9999.0 -9999.0
54794 20190121  2.623  -70.93   43.17   -15.3   -17.5   -16.4   -16.8     0.0     4.53 C   -14.5   -20.0   -17.1    56.0    39.8    47.2 -99.000 -99.000 -99.000 -99.000 -99.000    -0.9    -0.2 -9999.0 -9999.0 -9999.0
54794 20190122  2.623  -70.93   43.17    -5.1   -16.6   -10.9   -10.8     0.0     9.76 C    -7.3   -22.6   -15.1    43.9    16.7    30.4 -99.000 -99.000 -99.000 -99.000 -99.000    -0.9    -0.3 -9999.0 -9999.0 -9999.0
54794 20190123  2.623  -70.93   43.17     4.6   -12.5    -4.0    -2.6     0.0     3.73 C     0.6   -16.2    -5.2    68.6    40.6    52.7 -99.000 -99.000 -99.000 -99.000 -99.000    -0.6    -0.3 -9999.0 -9999.0 -9999.0
54794 20190124  2.623  -70.93   43.17    13.6     1.5     7.5     7.6    35.8     0.73 C    11.2    -0.7     3.6    92.6    69.0    86.0 -99.000 -99.000 -99.000 -99.000 -99.000    -0.3    -0.2 -9999.0 -9999.0 -9999.0
54794 20190125  2.623  -70.93   43.17     3.2    -4.2    -0.5     0.3     0.0     5.83 C     7.8    -9.0    -2.3    67.4    31.6    45.2 -99.000 -99.000 -99.000 -99.000 -99.000    -0.2    -0.2 -9999.0 -9999.0 -9999.0
54794 20190126  2.623  -70.93   43.17    -1.2    -9.0    -5.1    -5.1     0.0     8.08 C     6.3   -12.0    -6.3    71.4    32.1    46.5 -99.000 -99.000 -99.000 -99.000 -99.000    -0.3    -0.2 -9999.0 -9999.0 -9999.0
54794 20190127  2.623  -70.93   43.17     5.9   -10.0    -2.1    -1.5     0.0     6.41 C     7.6   -12.2    -2.6    76.3    47.5    63.9 -99.000 -99.000 -99.000 -99.000 -99.000    -0.5    -0.2 -9999.0 -9999.0 -9999.0
54794 20190128  2.623  -70.93   43.17     2.4    -9.3    -3.5    -4.3     0.0    10.02 C     6.6   -11.7    -4.7    58.7    25.2    39.4 -99.000 -99.000 -99.000 -99.000 -99.000    -0.4    -0.1 -9999.0 -9999.0 -9999.0
54794 20190129  2.623  -70.93   43.17    -6.7   -13.8   -10.2    -9.7     9.3     2.98 C    -2.8   -14.5    -8.4    83.6    41.8    58.5 -99.000 -99.000 -99.000 -99.000 -99.000    -1.0    -0.2 -9999.0 -9999.0 -9999.0
54794 20190130  2.623  -70.93   43.17    -1.6   -14.3    -7.9    -5.6    10.5    11.09 C    -1.8   -19.8    -7.9    84.4    22.2    56.8 -99.000 -99.000 -99.000 -99.000 -99.000    -0.5    -0.2 -9999.0 -9999.0 -9999.0
54794 20190131  2.623  -70.93   43.17    -9.4   -19.3   -14.3   -14.5     0.0    11.10 C   -10.8   -29.1   -20.1    43.8    22.5    32.8 -99.000 -99.000 -99.000 -99.000 -99.000    -0.4    -0.2 -9999.0 -9999.0 -9999.0
54794 20190201  2.623  -70.93   43.17    -6.6   -17.9   -12.2   -12.2     0.0    10.53 C    -8.5   -27.4   -18.6    49.7    25.7    37.8 -99.000 -99.000 -99.000 -99.000 -99.000    -0.4    -0.2 -9999.0 -9999.0 -9999.0
54794 20190202  2.623  -70.93   43.17    -1.2   -20.0   -10.6    -9.5     0.0     7.76 C    -4.1   -25.7   -14.3    72.2    24.0    49.2 -99.000 -99.000 -99.000 -99.000 -99.000    -0.5    -0.2 -9999.0 -9999.0 -9999.0
54794 20190203  2.623  -70.93   43.17     0.0   -10.9    -5.5    -3.4     0.0     4.50 C     0.0   -15.6    -5.5    81.2    49.8    63.9 -99.000 -99.000 -99.000 -99.000 -99.000    -0.4    -0.2 -9999.0 -9999.0 -9999.0
54794 20190204  2.623  -70.93   43.17    15.1    -0.8     7.1     4.4     0.0     9.48 C     4.6    -3.5     0.2    90.3    42.7    70.6 -99.000 -99.000 -99.000 -99.000 -99.000    -0.3    -0.2 -9999.0 -9999.0 -9999.0
54794 20190205  2.623  -70.93   43.17    16.2    -1.3     7.4     6.9     0.0     9.86 C    14.9    -3.9     2.9    91.2    39.7    64.4 -99.000 -99.000 -99.000 -99.000 -99.000    -0.2    -0.2 -9999.0 -9999.0 -9999.0
54794 20190206  2.623  -70.93   43.17     2.4    -3.1    -0.4    -0.4    10.4    10.45 C     9.8    -6.9    -0.5    88.9    39.8    61.2 -99.000 -99.000 -99.000 -99.000 -99.000    -0.2    -0.2 -9999.0 -9999.0 -9999.0
54794 20190207  2.623  -70.93   43.17     2.7    -0.2     1.2     0.8     0.9     2.01 C     3.0    -0.2     0.5    92.0    84.0    90.0 -99.000 -99.000 -99.000 -99.000 -99.000    -0.2    -0.1 -9999.0 -9999.0 -9999.0
54794 20190208  2.623  -70.93   43.17     9.9    -2.3     3.8     2.6     3.6     5.15 C    13.4    -5.4     1.2    92.1    28.3    67.8 -99.000 -99.000 -99.000 -99.000 -99.000    -0.2    -0.1 -9999.0 -9999.0 -9999.0
54794 20190209  2.623  -70.93   43.17    -1.2    -7.1    -4.2    -4.1     0.0    12.63 C     5.3   -12.4    -5.1    58.3    17.6    28.5 -99.000 -99.000 -99.000 -99.000 -99.000    -0.2    -0.1 -9999.0 -9999.0 -9999.0
54794 20190210  2.623  -70.93   43.17    -0.5    -8.3    -4.4    -4.5     0.0    11.50 C     7.9   -12.7    -5.2    51.7    19.4    35.0 -99.000 -99.000 -99.000 -99.000 -99.000    -0.5    -0.1 -9999.0 -9999.0 -9999.0
54794 20190211  2.623  -70.93   43.17    -0.4    -7.8    -4.1    -3.9     0.0    11.45 C    10.8   -11.4    -3.5    48.2    19.4    32.3 -99.000 -99.000 -99.000 -99.000 -99.000    -0.5    -0.1 -9999.0 -9999.0 -9999.0
54794 20190212  2.623  -70.93   43.17    -4.8   -12.2    -8.5    -8.1    19.4     3.87 C     0.8   -15.3    -7.5    87.2    33.3    58.6 -99.000 -99.000 -99.000 -99.000 -99.000    -0.8    -0.2 -9999.0 -9999.0 -9999.0
54794 20190213  2.623  -70.93   43.17     2.1    -4.8    -1.3    -0.1    14.7     5.27 C     0.9    -5.5    -1.2    89.3    52.6    78.2 -99.000 -99.000 -99.000 -99.000 -99.000    -0.3    -0.2 -9999.0 -9999.0 -9999.0
54794 20190214  2.623  -70.93   43.17     2.1    -5.9    -1.9    -1.8     0.0    12.69 C     0.0   -10.8    -5.8    77.7    31.0    51.4 -99.000 -99.000 -99.000 -99.000 -99.000    -0.2    -0.2 -9999.0 -9999.0 -9999.0
54794 20190215  2.623  -70.93   43.17     5.9    -6.6    -0.3     0.7     1.3     1.18 C     0.7   -10.2    -2.6    93.1    67.4    84.5 -99.000 -99.000 -99.000 -99.000 -99.000    -0.2    -0.2 -9999.0 -9999.0 -9999.0
54794 20190216  2.623  -70.93   43.17     3.5    -4.9    -0.7     0.7     0.0    13.36 C     0.8    -9.0    -3.1    88.2    37.3    51.5 -99.000 -99.000 -99.000 -99.000 -99.000    -0.2    -0.1 -9999.0 -9999.0 -9999.0
54794 20190217  2.623  -70.93   43.17    -0.1    -7.9    -4.0    -4.4     0.0    13.77 C     1.1   -13.2    -6.2    68.8    26.7    47.7 -99.000 -99.000 -99.000 -99.000 -99.000    -0.2    -0.1 -9999.0 -9999.0 -9999.0
54794 20190218  2.623  -70.93   43.17    -3.4    -9.3    -6.4    -5.2     2.9     2.79 C    -3.4   -15.3    -6.1    84.8    47.6    72.7 -99.000 -99.000 -99.000 -99.000 -99.000    -0.2    -0.1 -9999.0 -9999.0 -9999.0
54794 20190219  2.623  -70.93   43.17    -2.5   -11.3    -6.9    -7.3     0.0    14.50 C    -3.8   -17.1   -11.5    52.0    19.6    36.7 -99.000 -99.000 -99.000 -99.000 -99.000    -0.4    -0.1 -9999.0 -9999.0 -9999.0
54794 20190220  2.623  -70.93   43.17    -2.5   -14.6    -8.5    -6.7     1.4     7.93 C    -2.5   -17.5    -8.3    85.2    26.4    43.8 -99.000 -99.000 -99.000 -99.000 -99.000    -0.5    -0.2 -9999.0 -9999.0 -9999.0
54794 20190221  2.623  -70.93   43.17     6.9    -5.4     0.8     0.2     9.3     9.29 C     1.6    -5.1    -1.5    88.1    45.3    70.9 -99.000 -99.000 -99.000 -99.000 -99.000    -0.3    -0.1 -9999.0 -9999.0 -9999.0
54794 20190222  2.623  -70.93   43.17     5.3    -3.0     1.1     2.2     0.0    14.65 C     2.8    -7.4    -2.1    61.7    31.1    44.0 -99.000 -99.000 -99.000 -99.000 -99.000    -0.2    -0.1 -9999.0 -9999.0 -9999.0
54794 20190223  2.623  -70.93   43.17     4.0    -7.5    -1.7    -1.7     0.0    11.46 C     4.0   -10.6    -3.9    80.4    30.2    57.5 -99.000 -99.000 -99.000 -99.000 -99.000    -0.2    -0.1 -9999.0 -9999.0 -9999.0
54794 20190224  2.623  -70.93   43.17     4.2    -2.9     0.7     1.2    16.4     1.49 C     1.7    -3.1     0.0    91.8    72.8    85.8 -99.000 -99.000 -99.000 -99.000 -99.000    -0.2    -0.1 -9999.0 -9999.0 -9999.0
54794 20190225  2.623  -70.93   43.17     2.6    -3.8    -0.6     0.1 -9999.0     8.32 C     3.1    -6.2    -1.9    72.1    31.6    45.3 -99.000 -99.000 -99.000 -99.000 -99.000    -0.2    -0.1 -9999.0 -9999.0 -9999.0
54794 20190226  2.623  -70.93   43.17    -3.8   -12.1    -8.0    -7.9     0.0    16.01 C     2.0   -13.8    -7.7    39.6    16.8    28.7 -99.000 -99.000 -99.000 -99.000 -99.000    -0.6    -0.1 -9999.0 -9999.0 -9999.0
54794 20190227  2.623  -70.93   43.17    -8.0   -15.2   -11.6   -11.3     0.4     9.04 C    -1.8   -15.7    -9.0    74.7    23.1    34.8 -99.000 -99.000 -99.000 -99.000 -99.000    -1.2    -0.3 -9999.0 -9999.0 -9999.0
54794 20190228  2.623  -70.93   43.17    -1.7   -11.8    -6.8    -7.6     1.9    14.73 C     3.8   -12.9    -7.4    79.7    24.6    56.2 -99.000 -99.000 -99.000 -99.000 -99.000    -0.8    -0.4 -9999.0 -9999.0 -9999.0
54794 20190301  2.623  -70.93   43.17     1.9   -14.9    -6.5    -5.7     0.0    14.81 C     8.2   -14.8    -4.8    71.6    31.5    53.2 -99.000 -99.000 -99.000 -99.000 -99.000    -0.8    -0.4 -9999.0 -9999.0 -9999.0
54794 20190302  2.623  -70.93   43.17    -1.0    -6.6    -3.8    -3.0 -9999.0     3.59 C    -0.4    -8.1    -3.1    80.3    57.9    70.3 -99.000 -99.000 -99.000 -99.000 -99.000    -0.5    -0.3 -9999.0 -9999.0 -9999.0
54794 20190303  2.623  -70.93   43.17     4.4    -8.9    -2.2    -1.1 -9999.0    15.77 C    11.8   -11.5    -1.3    89.1    33.6    65.0 -99.000 -99.000 -99.000 -99.000 -99.000    -0.5    -0.3 -9999.0 -9999.0 -9999.0
54794 20190304  2.623  -70.93   43.17     2.8    -5.6    -1.4    -0.3     8.8     7.79 C     1.6   -10.6    -2.3    91.2    36.3    73.2 -99.000 -99.000 -99.000 -99.000 -99.000    -0.2    -0.3 -9999.0 -9999.0 -9999.0
54794 20190305  2.623  -70.93   43.17    -2.3   -10.4    -6.3    -6.3     0.0    17.32 C    -1.5   -16.4    -9.9    60.3    27.3    42.4 -99.000 -99.000 -99.000 -99.000 -99.000    -0.3    -0.3 -9999.0 -9999.0 -9999.0
54794 20190306  2.623  -70.93   43.17    -5.2   -14.2    -9.7    -8.9     0.0    16.66 C    -2.8   -20.3   -12.6    59.6    18.2    37.8 -99.000 -99.000 -99.000 -99.000 -99.000    -0.6    -0.3 -9999.0 -9999.0 -9999.0
54794 20190307  2.623  -70.93   43.17    -4.0   -19.7   -11.8   -10.3     0.0    15.87 C    -3.1   -23.7   -13.6    77.7    26.3    49.5 -99.000 -99.000 -99.000 -99.000 -99.000    -1.0    -0.3 -9999.0 -9999.0 -9999.0
54794 20190308  2.623  -70.93   43.17     1.7   -17.0    -7.7    -6.0     0.0    17.15 C     0.0   -21.0   -10.0    81.3    25.4    48.9 -99.000 -99.000 -99.000 -99.000 -99.000    -0.9    -0.4 -9999.0 -9999.0 -9999.0
54794 20190309  2.623  -70.93   43.17     5.9   -11.9    -3.0    -2.5     0.0    18.29 C     4.1   -16.0    -6.2    74.9    13.6    47.4 -99.000 -99.000 -99.000 -99.000 -99.000    -0.7    -0.4 -9999.0 -9999.0 -9999.0
54794 20190310  2.623  -70.93   43.17     2.9    -5.7    -1.4    -0.4    17.5     1.99 C     0.3    -8.2    -1.8    91.8    57.5    78.7 -99.000 -99.000 -99.000 -99.000 -99.000    -0.5    -0.4 -9999.0 -9999.0 -9999.0
54794 20190311  2.623  -70.93   43.17     7.2     0.5     3.8     3.6     0.0    13.78 C     6.0    -4.0     0.0    91.2    33.7    58.2 -99.000 -99.000 -99.000 -99.000 -99.000    -0.3    -0.3 -9999.0 -9999.0 -9999.0
54794 20190312  2.623  -70.93   43.17     5.0    -2.1     1.5     1.6     0.0    18.23 C     9.3    -6.7     0.0    60.1    27.5    39.3 -99.000 -99.000 -99.000 -99.000 -99.000    -0.2    -0.3 -9999.0 -9999.0 -9999.0
54794 20190313  2.623  -70.93   43.17     4.4    -7.8    -1.7    -0.7     0.0    13.71 C    12.6    -9.1    -0.2    73.4    26.1    52.6 -99.000 -99.000 -99.000 -99.000 -99.000    -0.3    -0.3 -9999.0 -9999.0 -9999.0
54794 20190314  2.623  -70.93   43.17     5.7    -1.7     2.0     2.1     0.0     8.68 C    17.2    -4.4     2.7    86.3    50.8    71.8 -99.000 -99.000 -99.000 -99.000 -99.000    -0.2    -0.3 -9999.0 -9999.0 -9999.0
54794 20190315  2.623  -70.93   43.17    16.5     0.5     8.5     8.1     4.2     9.19 C    17.4    -0.4     6.5    92.9    61.4    82.0 -99.000 -99.000 -99.000 -99.000 -99.000    -0.2    -0.3 -9999.0 -9999.0 -9999.0
54794 20190316  2.623  -70.93   43.17    10.4    -0.9     4.7     5.5     0.0    17.09 C    16.7    -7.2     3.1    92.2    30.4    45.4 -99.000 -99.000 -99.000 -99.000 -99.000    -0.2    -0.3 -9999.0 -9999.0 -9999.0
54794 20190317  2.623  -70.93   43.17     2.2    -2.9    -0.4    -0.7     0.0    17.11 C    15.3    -8.6    -0.9    54.6    24.5    39.0 -99.000 -99.000 -99.000 -99.000 -99.000    -0.2    -0.2 -9999.0 -9999.0 -9999.0
54794 20190318  2.623  -70.93   43.17     3.4    -5.4    -1.0    -1.5     0.0    20.26 C    14.4   -10.2    -1.3    65.4    17.9    38.9 -99.000 -99.000 -99.000 -99.000 -99.000    -0.2    -0.2 -9999.0 -9999.0 -9999.0
54794 20190319  2.623  -70.93   43.17     5.2    -6.7    -0.8    -1.0     0.0    19.87 C    20.1   -10.3    -0.4    75.7    17.3    44.8 -99.000 -99.000 -99.000 -99.000 -99.000    -0.2    -0.2 -9999.0 -9999.0 -9999.0
54794 20190320  2.623  -70.93   43.17     8.0    -7.5     0.2     0.1     0.0    19.06 C    22.6   -10.9     0.5    82.6    31.5    55.8 -99.000 -99.000 -99.000 -99.000 -99.000    -0.2    -0.2 -9999.0 -9999.0 -9999.0
54794 20190321  2.623  -70.93   43.17     8.6    -3.7     2.4     2.9     0.0    12.70 C    19.0    -7.3     2.8    85.4    33.5    64.8 -99.000 -99.000 -99.000 -99.000 -99.000    -0.2    -0.2 -9999.0 -9999.0 -9999.0
54794 20190322  2.623  -70.93   43.17     4.9     1.5     3.2     2.9     7.8     4.98 C     7.4     0.3     2.7    87.4    63.7    80.1 -99.000 -99.000 -99.000 -99.000 -99.000    -0.2    -0.1 -9999.0 -9999.0 -9999.0
54794 20190323  2.623  -70.93   43.17     5.5     0.5     3.0     3.0     0.0    18.51 C    16.5    -4.4     3.4    78.2    29.1    50.0 -99.000 -99.000 -99.000 -99.000 -99.000    -0.1     0.5 -9999.0 -9999.0 -9999.0
54794 20190324  2.623  -70.93   43.17    13.0    -2.4     5.3     5.7     0.0    17.01 C    22.0    -7.4     4.4    45.0    15.0    30.4 -99.000   0.240 -99.000 -99.000 -99.000     0.2     0.8 -9999.0 -9999.0 -9999.0
54794 20190325  2.623  -70.93   43.17     6.4    -4.6     0.9     2.5     0.0    21.42 C    20.7   -10.1     2.9    60.8    10.5    33.5 -99.000   0.247 -99.000 -99.000 -99.000     0.4     1.2 -9999.0 -9999.0 -9999.0
54794 20190326  2.623  -70.93   43.17     4.4    -6.3    -1.0    -0.6     0.0    22.12 C    19.4   -11.3     0.1    69.6    16.1    35.3 -99.000   0.238 -99.000 -99.000 -99.000     0.2     0.9 -9999.0 -9999.0 -9999.0
54794 20190327  2.623  -70.93   43.17     5.5    -7.1    -0.8    -0.4     0.0    21.48 C    21.7   -11.3     0.7    67.1    16.8    41.2 -99.000   0.230 -99.000 -99.000 -99.000     0.4     0.9 -9999.0 -9999.0 -9999.0
54794 20190328  2.623  -70.93   43.17    12.5    -4.8     3.8     4.7     0.0    21.12 C    22.0    -8.9     5.0    75.7    25.9    48.1 -99.000   0.228 -99.000 -99.000 -99.000     1.1     1.3 -9999.0 -9999.0 -9999.0
54794 20190329  2.623  -70.93   43.17    11.8     2.2     7.0     7.1     2.4     6.46 C    15.1    -0.4     6.3    92.2    50.2    72.0   0.273   0.244 -99.000 -99.000 -99.000     2.4     2.4 -9999.0 -9999.0 -9999.0
54794 20190330  2.623  -70.93   43.17     8.7     1.8     5.3     5.1     0.0     6.58 C    15.6    -0.4     6.0    91.8    64.8    83.3   0.271   0.241 -99.000 -99.000 -99.000     2.7     2.6 -9999.0 -9999.0 -9999.0
54794 20190331  2.623  -70.93   43.17    18.2     1.5     9.8     9.5     6.0     6.62 C    24.0    -1.7     9.0    91.3    51.5    76.1   0.284   0.253 -99.000 -99.000 -99.000     3.9     3.7 -9999.0 -9999.0 -9999.0
54794 20190401  2.623  -70.93   43.17     4.1    -4.0     0.0     1.3     0.0    22.94 C    16.9    -9.3     1.7    62.4    18.8    39.5   0.284   0.256 -99.000 -99.000 -99.000     2.8     3.3 -9999.0 -9999.0 -9999.0
54794 20190402  2.623  -70.93   43.17     8.7    -6.1     1.3     2.4     0.0    21.74 C    22.1   -10.1     3.8    76.8    23.5    50.5   0.270   0.241 -99.000 -99.000 -99.000     2.2     2.7 -9999.0 -9999.0 -9999.0
54794 20190403  2.623  -70.93   43.17    15.8     1.4     8.6     6.6     2.0    16.43 C    26.3    -1.4     7.7    88.9    20.9    53.1   0.275   0.244 -99.000 -99.000 -99.000     3.6     3.8 -9999.0 -9999.0 -9999.0
54794 20190404  2.623  -70.93   43.17     7.8     0.0     3.9     3.8     0.0    23.53 C    21.1    -6.6     4.4    29.4    14.6    21.2   0.270   0.237 -99.000 -99.000 -99.000     3.2     3.7 -9999.0 -9999.0 -9999.0
54794 20190405  2.623  -70.93   43.17     7.5    -3.4     2.1     2.2     2.0    17.53 C    22.5    -9.2     4.2    85.3    16.6    39.6   0.265   0.233 -99.000 -99.000 -99.000     3.0     3.3 -9999.0 -9999.0 -9999.0
54794 20190406  2.623  -70.93   43.17    15.5     0.8     8.1     7.0     3.1    19.37 C    29.6    -1.1     9.2    89.9    39.1    69.1   0.283   0.261 -99.000 -99.000 -99.000     5.0     4.5 -9999.0 -9999.0 -9999.0
54794 20190407  2.623  -70.93   43.17    17.5     0.5     9.0    10.0     0.0    16.97 C    32.2    -2.9    11.3    87.7    30.6    56.2   0.272   0.244 -99.000 -99.000 -99.000     6.1     5.5 -9999.0 -9999.0 -9999.0
54794 20190408  2.623  -70.93   43.17     9.5    -0.3     4.6     2.1    13.3     1.42 C     7.6     0.2     2.5    89.1    63.6    84.4   0.300   0.281 -99.000 -99.000 -99.000     5.0     5.0 -9999.0 -9999.0 -9999.0
54794 20190409  2.623  -70.93   43.17     2.4    -1.1     0.6     0.3     5.1     3.35 C     5.4    -0.3     1.3    92.5    84.2    88.1   0.295   0.269 -99.000 -99.000 -99.000     3.6     3.8 -9999.0 -9999.0 -9999.0
54794 20190410  2.623  -70.93   43.17     4.8    -1.3     1.7     1.9     0.0    15.03 C    15.9    -6.2     2.9    93.0    48.3    67.0   0.298   0.271 -99.000 -99.000 -99.000     3.8     3.8 -9999.0 -9999.0 -9999.0
54794 20190411  2.623  -70.93   43.17    10.7    -2.7     4.0     3.8     0.0    24.81 C    27.4    -7.7     6.0    77.4    20.6    46.3   0.284   0.251 -99.000 -99.000 -99.000     4.2     4.1 -9999.0 -9999.0 -9999.0
54794 20190412  2.623  -70.93   43.17    10.1    -1.7     4.2     4.9     1.2     4.76 C    12.8    -4.6     5.7    88.9    48.8    65.0   0.277   0.242 -99.000 -99.000 -99.000     4.3     4.3 -9999.0 -9999.0 -9999.0
54794 20190413  2.623  -70.93   43.17    23.5     5.9    14.7    14.4     4.2    13.80 C    31.6     5.6    13.9    91.8    36.7    69.7   0.292   0.265 -99.000 -99.000 -99.000     7.3     6.4 -9999.0 -9999.0 -9999.0
54794 20190414  2.623  -70.93   43.17    18.7     6.0    12.4    11.6     3.7    16.76 C    35.4     2.5    13.4    89.9    23.6    53.6   0.284   0.251 -99.000 -99.000 -99.000     8.4     7.7 -9999.0 -9999.0 -9999.0
54794 20190415  2.623  -70.93   43.17    14.9     4.9     9.9     8.0    23.7     6.92 C    25.1     2.5     8.9    91.3    53.4    80.3   0.319   0.287 -99.000 -99.000 -99.000     8.0     7.6 -9999.0 -9999.0 -9999.0
54794 20190416  2.623  -70.93   43.17    12.2     2.9     7.6     6.9     0.0    22.45 C    26.1    -1.3     8.1    58.4    27.3    43.4   0.293   0.255 -99.000 -99.000 -99.000     7.1     7.0 -9999.0 -9999.0 -9999.0
54794 20190417  2.623  -70.93   43.17    15.7    -1.0     7.3     7.1     0.0    25.59 C    29.9    -4.1     9.3    83.6    15.4    49.7   0.281   0.240 -99.000 -99.000 -99.000     7.2     7.0 -9999.0 -9999.0 -9999.0
54794 20190418  2.623  -70.93   43.17     7.6    -1.7     2.9     4.3     0.6     3.48 C    10.4    -4.7     4.2    91.8    54.9    79.0   0.276   0.234 -99.000 -99.000 -99.000     5.8     6.0 -9999.0 -9999.0 -9999.0
54794 20190419  2.623  -70.93   43.17    25.2     4.6    14.9    16.4     0.0    12.67 C    32.7     3.0    16.6    92.7    45.8    70.7   0.274   0.232 -99.000 -99.000 -99.000     8.7     7.7 -9999.0 -9999.0 -9999.0
54794 20190420  2.623  -70.93   43.17    20.7    14.5    17.6    18.4     5.3     3.96 C    21.4    13.8    17.5    91.0    73.9    82.5   0.282   0.246 -99.000 -99.000 -99.000    12.0    10.7 -9999.0 -9999.0 -9999.0
54794 20190421  2.623  -70.93   43.17    17.6     9.9    13.7    14.4     2.1    13.45 C    27.6     8.3    16.0    92.2    71.3    84.5   0.292   0.260 -99.000 -99.000 -99.000    12.3    11.4 -9999.0 -9999.0 -9999.0
54794 20190422  2.623  -70.93   43.17    18.4     8.4    13.4    12.6    16.4    11.67 C    31.8     6.6    14.1    92.1    56.3    84.5   0.293   0.257 -99.000 -99.000 -99.000    11.6    11.0 -9999.0 -9999.0 -9999.0
54794 20190423  2.623  -70.93   43.17    12.6     5.7     9.1     9.5     2.6     8.84 C    23.8     6.4    11.4    88.3    66.1    80.0   0.300   0.264 -99.000 -99.000 -99.000    11.1    10.7 -9999.0 -9999.0 -9999.0
54794 20190424  2.623  -70.93   43.17    16.5     5.6    11.0     9.7     2.9    14.81 C    31.1     2.4    11.8    91.3    40.7    69.0   0.301   0.266 -99.000 -99.000 -99.000    10.7    10.3 -9999.0 -9999.0 -9999.0
54794 20190425  2.623  -70.93   43.17    13.6     2.1     7.9     8.1     0.0    22.59 C    32.1    -0.1    10.9    88.1    47.0    66.0   0.284   0.243 -99.000 -99.000 -99.000    10.2     9.9 -9999.0 -9999.0 -9999.0
54794 20190426  2.623  -70.93   43.17     7.3     4.6     5.9     5.8    22.9     2.69 C     9.8     2.2     6.3    90.4    75.7    86.6   0.301   0.260 -99.000 -99.000 -99.000     8.7     8.8 -9999.0 -9999.0 -9999.0
54794 20190427  2.623  -70.93   43.17    10.0     5.2     7.6     7.4    22.4    10.06 C    17.0     1.0     8.0    91.5    42.0    65.0   0.317   0.280 -99.000 -99.000 -99.000     8.2     8.1 -9999.0 -9999.0 -9999.0
54794 20190428  2.623  -70.93   43.17    13.2     1.3     7.2     8.1     0.4    17.22 C    31.3    -1.7     9.3    77.7    38.4    54.3   0.288   0.247 -99.000 -99.000 -99.000     8.5     8.4 -9999.0 -9999.0 -9999.0
54794 20190429  2.623  -70.93   43.17    13.1     1.5     7.3     8.1     0.2    24.81 C    29.6    -2.5    10.6    72.7    17.8    39.2   0.279   0.235 -99.000 -99.000 -99.000     8.7     8.6 -9999.0 -9999.0 -9999.0
54794 20190430  2.623  -70.93   43.17    10.1     2.7     6.4     6.3     3.2     5.93 C    16.5     0.4     7.1    88.9    50.2    77.0   0.284   0.242 -99.000 -99.000 -99.000     8.7     8.6 -9999.0 -9999.0 -9999.0
54794 20190501  2.623  -70.93   43.17    12.1     2.3     7.2     8.2     1.3     8.34 C    20.1     0.7     9.4    87.7    30.0    56.8   0.280   0.236 -99.000 -99.000 -99.000     8.4     8.2 -9999.0 -9999.0 -9999.0
54794 20190502  2.623  -70.93   43.17     6.8     5.6     6.2     6.3     9.6     3.56 C    10.5     6.0     7.4    90.4    81.7    86.8   0.311   0.274 -99.000 -99.000 -99.000     8.4     8.2 -9999.0 -9999.0 -9999.0
54794 20190503  2.623  -70.93   43.17     8.4     5.5     7.0     7.0     6.1     3.69 C    12.7     5.9     8.2    91.6    78.9    86.9   0.302   0.266 -99.000 -99.000 -99.000     8.4     8.1 -9999.0 -9999.0 -9999.0
54794 20190504  2.623  -70.93   43.17    16.0     7.0    11.5    10.2     0.6    15.06 C    26.8     6.7    13.0    91.3    64.4    81.0   0.298   0.269 -99.000 -99.000 -99.000     9.9     9.2 -9999.0 -9999.0 -9999.0
54794 20190505  2.623  -70.93   43.17    14.3     8.2    11.2    11.0     0.0     7.54 C    20.0     7.3    12.4    88.1    63.3    76.2   0.283   0.249 -99.000 -99.000 -99.000    10.5    10.0 -9999.0 -9999.0 -9999.0
54794 20190506  2.623  -70.93   43.17    16.4     4.4    10.4    10.8     0.0    26.85 C    31.0     2.3    13.9    90.6    33.6    64.4   0.272   0.235 -99.000 -99.000 -99.000    11.3    10.6 -9999.0 -9999.0 -9999.0
54794 20190507  2.623  -70.93   43.17    21.0     3.0    12.0    12.3     2.4    12.05 C    33.0     1.6    12.9    90.2    41.6    70.2   0.265   0.225 -99.000 -99.000 -99.000    10.9    10.4 -9999.0 -9999.0 -9999.0
54794 20190508  2.623  -70.93   43.17    17.8     4.4    11.1    11.8     0.0    28.38 C    32.4     1.4    13.8    91.6    13.6    47.8   0.259   0.220 -99.000 -99.000 -99.000    11.5    11.1 -9999.0 -9999.0 -9999.0
54794 20190509  2.623  -70.93   43.17    13.3     0.6     6.9     8.4     0.0    26.63 C    30.4    -1.2    12.6    82.5    33.3    50.8   0.246   0.206 -99.000 -99.000 -99.000    11.0    10.6 -9999.0 -9999.0 -9999.0
54794 20190510  2.623  -70.93   43.17    11.6     6.4     9.0     9.9     5.4     4.12 C    14.9     7.1    10.6    92.0    48.9    77.6   0.251   0.209 -99.000 -99.000 -99.000    10.8    10.4 -9999.0 -9999.0 -9999.0
54794 20190511  2.623  -70.93   43.17    17.7     7.8    12.7    12.8     0.0    28.07 C    31.1     5.4    15.4    91.9    25.7    51.1   0.254   0.215 -99.000 -99.000 -99.000    12.0    11.3 -9999.0 -9999.0 -9999.0
54794 20190512  2.623  -70.93   43.17    11.0     5.9     8.4     8.6     0.0     6.93 C    14.9     4.6     9.4    77.1    31.8    53.6   0.243   0.203 -99.000 -99.000 -99.000    10.7    10.5 -9999.0 -9999.0 -9999.0
54794 20190513  2.623  -70.93   43.17    12.1     4.7     8.4     7.8    11.9    17.28 C    23.4     4.0    10.4    87.5    45.5    72.2   0.246   0.201 -99.000 -99.000 -99.000    10.5    10.2 -9999.0 -9999.0 -9999.0
54794 20190514  2.623  -70.93   43.17     7.5     3.1     5.3     5.2     5.7     8.24 C    14.2     4.4     7.4    90.0    76.2    84.1   0.303   0.272 -99.000 -99.000 -99.000     9.5     9.4 -9999.0 -9999.0 -9999.0
54794 20190515  2.623  -70.93   43.17    13.5     5.0     9.2     9.1     0.0    10.86 C    20.0     5.3    10.3    86.3    40.7    65.4   0.282   0.250 -99.000 -99.000 -99.000     9.9     9.6 -9999.0 -9999.0 -9999.0
54794 20190516  2.623  -70.93   43.17    16.4     6.4    11.4    11.5     0.0    13.69 C    29.2     4.6    12.7    88.5    41.9    65.2   0.268   0.237 -99.000 -99.000 -99.000    10.9    10.3 -9999.0 -9999.0 -9999.0
54794 20190517  2.623  -70.93   43.17    18.5     5.5    12.0    12.0     4.7    12.24 C    26.6     3.7    12.8    90.7    62.7    81.3   0.277   0.243 -99.000 -99.000 -99.000    11.0    10.5 -9999.0 -9999.0 -9999.0
54794 20190518  2.623  -70.93   43.17    21.5     8.3    14.9    14.4     0.0    29.07 C    33.7     6.0    16.7    83.7    27.9    50.8   0.262   0.230 -99.000 -99.000 -99.000    12.7    11.8 -9999.0 -9999.0 -9999.0
54794 20190519  2.623  -70.93   43.17    23.0     7.9    15.4    15.1     0.0    14.91 C    28.7     6.5    16.3    85.4    48.8    68.7   0.248   0.211 -99.000 -99.000 -99.000    12.9    12.2 -9999.0 -9999.0 -9999.0
54794 20190520  2.623  -70.93   43.17    27.7    14.5    21.1    20.7     0.2    15.98 C    36.4    13.4    20.9    90.8    44.1    70.5   0.239   0.200 -99.000 -99.000 -99.000    14.9    13.7 -9999.0 -9999.0 -9999.0
54794 20190521  2.623  -70.93   43.17    18.9    12.0    15.5    14.7     0.0    25.71 C    30.5     8.7    16.1    58.9    31.2    42.4   0.225   0.187 -99.000 -99.000 -99.000    14.6    14.0 -9999.0 -9999.0 -9999.0
54794 20190522  2.623  -70.93   43.17    20.6     7.1    13.8    13.1     0.0    29.50 C    31.9     4.2    15.4    76.6    23.4    45.7   0.207   0.173 -99.000 -99.000 -99.000    13.8    13.3 -9999.0 -9999.0 -9999.0
54794 20190523  2.623  -70.93   43.17    21.8     8.6    15.2    15.3     6.7    18.22 C    34.4     8.8    17.0    90.1    44.4    61.7   0.198   0.164 -99.000 -99.000 -99.000    14.1    13.4 -9999.0 -9999.0 -9999.0
54794 20190524  2.623  -70.93   43.17    20.1     7.0    13.5    14.7     0.0    15.91 C    26.6     5.3    14.4    91.5    43.8    68.3   0.219   0.182 -99.000 -99.000 -99.000    14.1    13.5 -9999.0 -9999.0 -9999.0
54794 20190525  2.623  -70.93   43.17    21.8     5.3    13.5    14.7     0.0    23.73 C    30.9     3.6    16.1    91.8    32.4    59.1   0.205   0.172 -99.000 -99.000 -99.000    13.8    13.2 -9999.0 -9999.0 -9999.0
54794 20190526  2.623  -70.93   43.17    29.2    11.5    20.4    20.1     0.7    24.13 C    34.7    10.8    20.0    86.9    30.7    57.1   0.190   0.160 -99.000 -99.000 -99.000    15.5    14.5 -9999.0 -9999.0 -9999.0
54794 20190527  2.623  -70.93   43.17    25.4     8.5    17.0    17.7     0.0    25.30 C    32.3     5.7    17.7    88.5    24.8    55.3   0.173   0.149 -99.000 -99.000 -99.000    15.7    14.9 -9999.0 -9999.0 -9999.0
54794 20190528  2.623  -70.93   43.17    13.1     5.8     9.5     8.4    20.5     7.58 C    19.0     3.7     9.0    90.3    38.7    77.5   0.205   0.169 -99.000 -99.000 -99.000    13.0    13.0 -9999.0 -9999.0 -9999.0
54794 20190529  2.623  -70.93   43.17    11.7     6.7     9.2     9.0     0.3     8.52 C    16.3     6.1    10.5    90.6    67.6    81.7   0.260   0.227 -99.000 -99.000 -99.000    12.2    12.0 -9999.0 -9999.0 -9999.0
54794 20190530  2.623  -70.93   43.17    17.0     8.2    12.6    12.4     0.3    16.72 C    25.5     8.8    14.7    90.4    66.1    80.2   0.239   0.208 -99.000 -99.000 -99.000    13.1    12.5 -9999.0 -9999.0 -9999.0
54794 20190531  2.623  -70.93   43.17    22.4     9.7    16.0    16.1     0.0    24.05 C    27.3     8.0    16.9    92.0    30.4    68.2   0.223   0.193 -99.000 -99.000 -99.000    14.8    13.9 -9999.0 -9999.0 -9999.0
54794 20190601  2.623  -70.93   43.17    20.6     7.5    14.0    13.6     0.0    22.05 C    29.0     5.6    15.4    91.4    34.8    71.3   0.206   0.176 -99.000 -99.000 -99.000    14.5    13.9 -9999.0 -9999.0 -9999.0
54794 20190602  2.623  -70.93   43.17    18.5    10.7    14.6    12.6     5.5    10.88 C    26.5    11.1    14.7    92.3    66.2    86.5   0.202   0.169 -99.000 -99.000 -99.000    14.5    13.9 -9999.0 -9999.0 -9999.0
54794 20190603  2.623  -70.93   43.17    19.6     8.4    14.0    14.1     0.2    28.45 C    24.9     5.2    14.1    91.4    21.5    52.9   0.208   0.176 -99.000 -99.000 -99.000    14.5    13.9 -9999.0 -9999.0 -9999.0
54794 20190604  2.623  -70.93   43.17    19.5     5.4    12.5    14.0     0.0    24.86 C    26.7     2.8    13.8    82.8    23.8    47.0   0.191   0.163 -99.000 -99.000 -99.000    14.0    13.5 -9999.0 -9999.0 -9999.0
54794 20190605  2.623  -70.93   43.17    23.8    10.4    17.1    15.0     4.6    14.61 C    28.6     9.9    15.9    90.0    47.6    73.6   0.182   0.153 -99.000 -99.000 -99.000    14.7    14.0 -9999.0 -9999.0 -9999.0
54794 20190606  2.623  -70.93   43.17    23.1    11.6    17.4    16.8    55.2    15.70 C    31.2     9.7    17.6    92.0    63.7    82.7   0.292   0.247 -99.000 -99.000 -99.000    15.4    14.7 -9999.0 -9999.0 -9999.0
54794 20190607  2.623  -70.93   43.17    24.5     9.6    17.0    17.4     0.0    30.17 C    30.8     7.3    17.8    91.9    29.0    60.9   0.257   0.221 -99.000 -99.000 -99.000    15.8    15.1 -9999.0 -9999.0 -9999.0
54794 20190608  2.623  -70.93   43.17    24.0     9.2    16.6    17.3     0.0    30.71 C    31.2     7.3    17.6    89.1    25.9    57.0   0.231   0.198 -99.000 -99.000 -99.000    16.2    15.5 -9999.0 -9999.0 -9999.0
54794 20190609  2.623  -70.93   43.17    25.4     7.7    16.5    17.0     0.0    28.99 C    31.5     5.8    17.6    90.8    31.7    63.3   0.213   0.181 -99.000 -99.000 -99.000    16.0    15.4 -9999.0 -9999.0 -9999.0
54794 20190610  2.623  -70.93   43.17    26.2    10.8    18.5    18.2     0.0    26.28 C    30.2     8.8    18.6    88.3    27.6    61.0   0.196   0.167 -99.000 -99.000 -99.000    16.4    15.6 -9999.0 -9999.0 -9999.0
54794 20190611  2.623  -70.93   43.17    23.1    11.7    17.4    18.0    19.2    14.26 C    26.4     8.6    17.6    91.3    39.3    72.3   0.278   0.229 -99.000 -99.000 -99.000    16.7    16.0 -9999.0 -9999.0 -9999.0
54794 20190612  2.623  -70.93   43.17    23.9     8.5    16.2    16.5     0.0    30.76 C    29.3     5.9    16.4    88.5    29.7    54.9   0.248   0.214 -99.000 -99.000 -99.000    16.2    15.6 -9999.0 -9999.0 -9999.0
54794 20190613  2.623  -70.93   43.17    14.4     8.7    11.6    11.1    11.4     5.31 C    18.7     6.8    11.0    91.3    71.1    85.7   0.267   0.224 -99.000 -99.000 -99.000    14.6    14.5 -9999.0 -9999.0 -9999.0
54794 20190614  2.623  -70.93   43.17    21.8     9.0    15.4    15.5     0.0    21.95 C    27.0     7.6    15.7    91.3    43.6    67.6   0.274   0.237 -99.000 -99.000 -99.000    14.9    14.4 -9999.0 -9999.0 -9999.0
54794 20190615  2.623  -70.93   43.17    26.5     9.5    18.0    19.7     0.0    26.54 C    29.4     7.4    18.5    86.9    26.6    51.9   0.243   0.209 -99.000 -99.000 -99.000    15.9    15.2 -9999.0 -9999.0 -9999.0
54794 20190616  2.623  -70.93   43.17    20.3    16.1    18.2    18.5     5.5     6.82 C    22.1    14.9    18.3    92.2    51.2    83.4   0.240   0.202 -99.000 -99.000 -99.000    16.4    15.7 -9999.0 -9999.0 -9999.0
54794 20190617  2.623  -70.93   43.17    26.0    13.8    19.9    19.7     0.0    28.42 C    29.8    11.7    20.1    92.3    35.0    68.7   0.240   0.203 -99.000 -99.000 -99.000    17.4    16.5 -9999.0 -9999.0 -9999.0
54794 20190618  2.623  -70.93   43.17    22.1    13.1    17.6    17.6     0.0    16.32 C    25.4    11.4    17.6    91.9    42.6    71.5   0.224   0.189 -99.000 -99.000 -99.000    17.0    16.3 -9999.0 -9999.0 -9999.0
54794 20190619  2.623  -70.93   43.17    23.0    14.9    19.0    17.6     0.0    15.98 C    30.0    15.1    19.0    92.6    65.3    84.1   0.215   0.181 -99.000 -99.000 -99.000    17.4    16.6 -9999.0 -9999.0 -9999.0
54794 20190620  2.623  -70.93   43.17    16.2    14.7    15.5    15.5     6.1     3.56 C    18.6    14.6    16.3    92.4    87.1    91.0   0.224   0.185 -99.000 -99.000 -99.000    16.7    16.2 -9999.0 -9999.0 -9999.0
54794 20190621  2.623  -70.93   43.17    22.4    14.8    18.6    17.6     1.9    11.67 C    26.8    12.6    17.2    91.5    57.9    78.0   0.241   0.201 -99.000 -99.000 -99.000    16.7    16.1 -9999.0 -9999.0 -9999.0
54794 20190622  2.623  -70.93   43.17    25.6    14.0    19.8    19.9     0.0    29.38 C    30.4    10.4    18.9    76.8    27.3    51.9   0.224   0.190 -99.000 -99.000 -99.000    17.3    16.5 -9999.0 -9999.0 -9999.0
54794 20190623  2.623  -70.93   43.17    28.1    12.8    20.4    21.3     0.0    29.85 C    29.9     9.6    19.6    77.4    25.7    47.0   0.202   0.173 -99.000 -99.000 -99.000    17.6    16.8 -9999.0 -9999.0 -9999.0
54794 20190624  2.623  -70.93   43.17    27.8    12.4    20.1    19.6     0.0    30.25 C    31.5    10.1    19.0    85.4    20.7    52.0   0.182   0.157 -99.000 -99.000 -99.000    17.8    17.0 -9999.0 -9999.0 -9999.0
54794 20190625  2.623  -70.93   43.17    19.8    11.0    15.4    16.6     7.0     8.13 C    23.5     8.8    16.7    91.8    69.0    85.5   0.176   0.151 -99.000 -99.000 -99.000    16.7    16.3 -9999.0 -9999.0 -9999.0
54794 20190626  2.623  -70.93   43.17    26.1    15.7    20.9    19.5     0.4    22.76 C    33.2    14.7    21.2    92.3    59.3    81.4   0.189   0.164 -99.000 -99.000 -99.000    18.3    17.3 -9999.0 -9999.0 -9999.0
54794 20190627  2.623  -70.93   43.17    24.1    14.7    19.4    18.1     0.0    19.23 C    30.9    12.9    19.7    92.2    67.1    84.4   0.181   0.158 -99.000 -99.000 -99.000    18.5    17.7 -9999.0 -9999.0 -9999.0
54794 20190628  2.623  -70.93   43.17    31.0    14.5    22.8    22.6     0.0    28.61 C    37.1    14.6    23.2    93.0    29.7    68.1   0.169   0.150 -99.000 -99.000 -99.000    19.4    18.3 -9999.0 -9999.0 -9999.0
54794 20190629  2.623  -70.93   43.17    26.5    18.4    22.5    21.9     8.5    14.08 C    31.6    17.5    21.8    90.3    56.1    77.1   0.161   0.144 -99.000 -99.000 -99.000    19.6    18.7 -9999.0 -9999.0 -9999.0
54794 20190630  2.623  -70.93   43.17    24.7    14.5    19.6    18.3     5.7    16.30 C    31.6    12.3    18.4    91.7    51.3    81.5   0.208   0.177 -99.000 -99.000 -99.000    18.9    18.2 -9999.0 -9999.0 -9999.0
54794 20190701  2.623  -70.93   43.17    28.1    13.9    21.0    21.1     0.0    27.36 C    33.3    11.9    21.0    90.7    38.2    66.1   0.198   0.178 -99.000 -99.000 -99.000    18.8    18.0 -9999.0 -9999.0 -9999.0
54794 20190702  2.623  -70.93   43.17    29.8    16.7    23.2    22.8     0.0    26.08 C    34.6    14.9    22.8    85.5    36.2    66.2   0.180   0.164 -99.000 -99.000 -99.000    19.9    18.9 -9999.0 -9999.0 -9999.0
54794 20190703  2.623  -70.93   43.17    31.1    14.4    22.7    23.2     0.0    27.44 C    36.6    12.4    23.0    91.4    30.6    65.6   0.163   0.150 -99.000 -99.000 -99.000    20.1    19.2 -9999.0 -9999.0 -9999.0
54794 20190704  2.623  -70.93   43.17    30.9    16.7    23.8    23.8     0.0    27.25 C    36.2    14.8    23.6    90.2    30.3    63.9   0.147   0.138 -99.000 -99.000 -99.000    20.4    19.5 -9999.0 -9999.0 -9999.0
54794 20190705  2.623  -70.93   43.17    32.0    15.6    23.8    24.8     0.0    27.39 C    36.8    13.9    24.7    91.5    36.0    63.0   0.132   0.128 -99.000 -99.000 -99.000    20.8    19.8 -9999.0 -9999.0 -9999.0
54794 20190706  2.623  -70.93   43.17    32.4    20.1    26.2    24.8     3.5    19.75 C    37.2    17.8    24.8    91.6    50.7    75.8   0.120   0.120 -99.000 -99.000 -99.000    21.4    20.4 -9999.0 -9999.0 -9999.0
54794 20190707  2.623  -70.93   43.17    25.8    13.8    19.8    20.1     0.0    29.82 C    34.1    11.2    21.4    91.6    37.6    69.2   0.117   0.117 -99.000 -99.000 -99.000    20.8    20.1 -9999.0 -9999.0 -9999.0
54794 20190708  2.623  -70.93   43.17    27.6    12.1    19.8    20.3     0.0    29.40 C    35.2     9.4    20.6    89.5    27.8    59.0   0.104   0.111 -99.000 -99.000 -99.000    19.5    19.0 -9999.0 -9999.0 -9999.0
54794 20190709  2.623  -70.93   43.17    30.1    13.7    21.9    22.1     0.0    28.58 C    38.4    10.8    21.9    89.5    25.8    56.0   0.090   0.103 -99.000 -99.000 -99.000    19.7    19.0 -9999.0 -9999.0 -9999.0
54794 20190710  2.623  -70.93   43.17    30.9    14.8    22.9    21.6     0.0    23.29 C    38.9    12.6    21.8    87.0    32.2    64.4   0.080   0.094 -99.000 -99.000 -99.000    19.9    19.2 -9999.0 -9999.0 -9999.0
54794 20190711  2.623  -70.93   43.17    26.7    15.5    21.1    20.3    16.8    17.58 C    35.6    13.8    21.6    91.7    63.4    83.5   0.103   0.096 -99.000 -99.000 -99.000    19.9    19.2 -9999.0 -9999.0 -9999.0
54794 20190712  2.623  -70.93   43.17    28.1    18.5    23.3    21.9    36.5    15.49 C    34.5    16.9    22.9    92.4    59.9    84.4   0.183   0.181 -99.000 -99.000 -99.000    20.7    19.9 -9999.0 -9999.0 -9999.0
54794 20190713  2.623  -70.93   43.17    28.7    16.9    22.8    22.5     0.0    27.24 C    34.3    15.1    23.1    92.5    40.4    71.8   0.214   0.206 -99.000 -99.000 -99.000    21.0    20.2 -9999.0 -9999.0 -9999.0
54794 20190714  2.623  -70.93   43.17    29.1    17.8    23.5    23.5     0.0    25.40 C    34.9    14.7    23.1    91.3    41.4    63.6   0.197   0.182 -99.000 -99.000 -99.000    21.2    20.4 -9999.0 -9999.0 -9999.0
54794 20190715  2.623  -70.93   43.17    27.4    15.2    21.3    21.3     0.0    26.66 C    33.1    12.8    20.8    86.4    39.3    60.3   0.183   0.166 -99.000 -99.000 -99.000    20.5    19.9 -9999.0 -9999.0 -9999.0
54794 20190716  2.623  -70.93   43.17    28.8    13.4    21.1    21.8     0.0    24.50 C    35.5    11.5    22.0    91.5    38.7    68.7   0.171   0.154 -99.000 -99.000 -99.000    20.3    19.7 -9999.0 -9999.0 -9999.0
54794 20190717  2.623  -70.93   43.17    30.1    18.7    24.4    24.0     0.7    12.87 C    36.5    17.3    23.7    91.6    58.8    78.9   0.163   0.146 -99.000 -99.000 -99.000    21.1    20.2 -9999.0 -9999.0 -9999.0
54794 20190718  2.623  -70.93   43.17    24.5    14.8    19.7    20.6     0.0    24.49 C    32.8    12.8    21.4    92.2    41.4    64.5   0.155   0.140 -99.000 -99.000 -99.000    21.0    20.3 -9999.0 -9999.0 -9999.0
54794 20190719  2.623  -70.93   43.17    31.6    13.8    22.7    24.1     0.0    26.25 C    36.2    12.3    25.0    90.4    53.1    69.7   0.143   0.131 -99.000 -99.000 -99.000    21.0    20.2 -9999.0 -9999.0 -9999.0
54794 20190720  2.623  -70.93   43.17    34.3    22.9    28.6    28.7     0.0    25.84 C    40.6    20.7    28.8    85.5    40.1    67.4   0.130   0.122 -99.000 -99.000 -99.000    22.9    21.7 -9999.0 -9999.0 -9999.0
54794 20190721  2.623  -70.93   43.17    33.8    22.3    28.1    28.1     0.0    24.16 C    38.9    18.6    27.8    79.9    39.9    62.9   0.114   0.112 -99.000 -99.000 -99.000    23.5    22.4 -9999.0 -9999.0 -9999.0
54794 20190722  2.623  -70.93   43.17    26.3    17.0    21.6    20.6    35.4     8.51 C    31.1    15.6    20.2    91.0    54.9    81.6   0.140   0.124 -99.000 -99.000 -99.000    21.4    21.0 -9999.0 -9999.0 -9999.0
54794 20190723  2.623  -70.93   43.17    21.1    15.1    18.1    17.1    20.4    10.96 C    25.9    15.1    17.8    91.9    57.4    84.9   0.289   0.246 -99.000 -99.000 -99.000    19.6    19.4 -9999.0 -9999.0 -9999.0
54794 20190724  2.623  -70.93   43.17    26.1    15.3    20.7    19.7     0.0    20.54 C    33.2    12.8    20.2    92.2    51.2    76.1   0.245   0.212 -99.000 -99.000 -99.000    19.9    19.4 -9999.0 -9999.0 -9999.0
54794 20190725  2.623  -70.93   43.17    25.2    13.6    19.4    19.1     0.0    24.66 C    33.2    11.9    19.6    91.4    51.2    73.2   0.224   0.194 -99.000 -99.000 -99.000    19.7    19.3 -9999.0 -9999.0 -9999.0
54794 20190726  2.623  -70.93   43.17    27.9    12.9    20.4    20.8     0.0    27.05 C    34.6    11.1    21.5    92.1    42.4    72.5   0.207   0.179 -99.000 -99.000 -99.000    20.0    19.5 -9999.0 -9999.0 -9999.0
54794 20190727  2.623  -70.93   43.17    26.8    14.9    20.9    20.5     0.0    25.11 C    32.6    13.3    21.0    92.4    54.3    77.0   0.193   0.167 -99.000 -99.000 -99.000    20.5    19.9 -9999.0 -9999.0 -9999.0
54794 20190728  2.623  -70.93   43.17    31.0    14.6    22.8    23.5     0.0    25.52 C    37.6    13.1    23.5    92.5    42.3    70.0   0.180   0.157 -99.000 -99.000 -99.000    20.8    20.2 -9999.0 -9999.0 -9999.0
54794 20190729  2.623  -70.93   43.17    31.1    18.2    24.6    24.7     0.0    25.30 C    38.4    16.2    25.0    91.6    44.8    71.8   0.167   0.147 -99.000 -99.000 -99.000    21.8    20.9 -9999.0 -9999.0 -9999.0
54794 20190730  2.623  -70.93   43.17    32.7    18.0    25.3    25.5     0.0    24.56 C    37.3    16.5    25.6    92.0    45.5    72.4   0.154   0.138 -99.000 -99.000 -99.000    22.2    21.3 -9999.0 -9999.0 -9999.0
54794 20190731  2.623  -70.93   43.17    30.4    19.0    24.7    23.4     0.7    18.27 C    35.8    17.3    23.5    91.6    52.2    78.8   0.142   0.130 -99.000 -99.000 -99.000    22.1    21.4 -9999.0 -9999.0 -9999.0
54794 20190801  2.623  -70.93   43.17    29.1    14.4    21.7    22.4     0.0    26.10 C    35.6    11.3    22.1    92.2    31.2    64.4   0.131   0.124 -99.000 -99.000 -99.000    21.6    21.0 -9999.0 -9999.0 -9999.0
54794 20190802  2.623  -70.93   43.17    28.1    12.2    20.1    20.3     0.0    26.84 C    34.4     9.2    20.1    90.3    32.0    60.9   0.117   0.115 -99.000 -99.000 -99.000    20.3    20.0 -9999.0 -9999.0 -9999.0
54794 20190803  2.623  -70.93   43.17    28.2    12.7    20.4    20.4     5.0    16.17 C    32.1    11.4    20.1    90.0    57.5    79.1   0.128   0.116 -99.000 -99.000 -99.000    20.2    19.7 -9999.0 -9999.0 -9999.0
54794 20190804  2.623  -70.93   43.17    27.7    12.5    20.1    20.5     0.0    21.46 C    36.3     9.6    20.2    92.7    37.2    69.9   0.125   0.114 -99.000 -99.000 -99.000    20.5    20.0 -9999.0 -9999.0 -9999.0
54794 20190805  2.623  -70.93   43.17    26.6     9.1    17.9    18.2     0.0    27.07 C    32.9     6.9    18.3    91.4    33.6    65.4   0.108   0.106 -99.000 -99.000 -99.000    19.1    18.9 -9999.0 -9999.0 -9999.0
54794 20190806  2.623  -70.93   43.17    27.2    10.7    18.9    19.5     0.0    22.17 C    32.6     8.8    19.9    92.5    46.0    78.8   0.098   0.099 -99.000 -99.000 -99.000    19.3    18.9 -9999.0 -9999.0 -9999.0
54794 20190807  2.623  -70.93   43.17    29.4    18.5    24.0    21.8    25.2    15.35 C    34.3    18.2    22.6    92.7    57.8    84.3   0.128   0.121 -99.000 -99.000 -99.000    20.7    19.9 -9999.0 -9999.0 -9999.0
54794 20190808  2.623  -70.93   43.17    28.4    18.1    23.3    22.4    21.2    18.98 C    32.8    16.5    22.9    91.7    52.9    79.5   0.244   0.221 -99.000 -99.000 -99.000    21.3    20.6 -9999.0 -9999.0 -9999.0
54794 20190809  2.623  -70.93   43.17    27.2    13.9    20.6    20.9     0.0    23.71 C    31.8    12.0    20.5    91.7    36.8    68.4   0.235   0.211 -99.000 -99.000 -99.000    20.8    20.4 -9999.0 -9999.0 -9999.0
54794 20190810  2.623  -70.93   43.17    24.3    12.8    18.5    18.1     0.0    23.15 C    30.2    10.1    17.4    89.4    38.2    64.7   0.208   0.186 -99.000 -99.000 -99.000    19.6    19.4 -9999.0 -9999.0 -9999.0
54794 20190811  2.623  -70.93   43.17    24.8     9.7    17.2    17.7     0.0    23.38 C    29.8     7.7    17.4    89.8    40.9    66.6   0.191   0.171 -99.000 -99.000 -99.000    18.7    18.5 -9999.0 -9999.0 -9999.0
54794 20190812  2.623  -70.93   43.17    27.9    12.1    20.0    21.1     0.0    23.20 C    33.2    10.5    20.7    90.9    40.4    66.1   0.177   0.161 -99.000 -99.000 -99.000    19.2    18.8 -9999.0 -9999.0 -9999.0
54794 20190813  2.623  -70.93   43.17    28.6    18.1    23.4    22.2     7.1    13.06 C    32.9    16.5    21.8    92.1    61.0    76.9   0.181   0.161 -99.000 -99.000 -99.000    20.3    19.6 -9999.0 -9999.0 -9999.0
54794 20190814  2.623  -70.93   43.17    26.1    14.4    20.3    19.5     0.0    19.49 C    31.7    12.6    19.6    92.5    50.4    76.2   0.197   0.172 -99.000 -99.000 -99.000    20.2    19.7 -9999.0 -9999.0 -9999.0
54794 20190815  2.623  -70.93   43.17    25.3    12.9    19.1    18.5     0.0    21.11 C    30.9    10.8    18.8    92.5    44.0    75.7   0.175   0.160 -99.000 -99.000 -99.000    19.5    19.2 -9999.0 -9999.0 -9999.0
54794 20190816  2.623  -70.93   43.17    25.2    16.3    20.7    19.7     0.0    20.32 C    31.0    16.0    20.8    92.7    56.2    81.0   0.166   0.150 -99.000 -99.000 -99.000    20.2    19.6 -9999.0 -9999.0 -9999.0
54794 20190817  2.623  -70.93   43.17    22.5    17.8    20.2    19.8     8.3     5.40 C    24.4    16.5    19.9    91.3    77.5    86.4   0.161   0.148 -99.000 -99.000 -99.000    20.1    19.6 -9999.0 -9999.0 -9999.0
54794 20190818  2.623  -70.93   43.17    28.6    18.2    23.4    22.0     4.1    19.33 C    33.0    17.1    23.0    92.6    59.1    82.2   0.189   0.173 -99.000 -99.000 -99.000    20.8    20.1 -9999.0 -9999.0 -9999.0
54794 20190819  2.623  -70.93   43.17    31.4    20.2    25.8    23.7    12.3    19.50 C    35.0    18.3    24.1    92.8    51.1    80.7   0.216   0.196 -99.000 -99.000 -99.000    21.8    21.0 -9999.0 -9999.0 -9999.0
54794 20190820  2.623  -70.93   43.17    28.7    14.6    21.6    21.7     0.0    24.64 C    32.7    12.3    21.2    91.6    40.6    69.9   0.217   0.200 -99.000 -99.000 -99.000    21.3    20.8 -9999.0 -9999.0 -9999.0
54794 20190821  2.623  -70.93   43.17    23.9    13.7    18.8    19.7     3.4     6.72 C    26.1    12.1    19.4    92.6    74.8    88.6   0.206   0.186 -99.000 -99.000 -99.000    20.0    19.7 -9999.0 -9999.0 -9999.0
54794 20190822  2.623  -70.93   43.17    29.7    17.8    23.7    23.4     2.7    21.70 C    34.1    16.1    23.2    92.3    48.5    76.1   0.212   0.190 -99.000 -99.000 -99.000    21.1    20.4 -9999.0 -9999.0 -9999.0
54794 20190823  2.623  -70.93   43.17    24.8    11.5    18.2    19.1     0.0    15.61 C    29.1     8.9    18.2    88.0    43.7    67.1   0.201   0.182 -99.000 -99.000 -99.000    20.6    20.2 -9999.0 -9999.0 -9999.0
54794 20190824  2.623  -70.93   43.17    22.7     9.7    16.2    16.3     0.0    16.75 C    26.9     7.6    15.8    91.1    51.3    74.5   0.187   0.171 -99.000 -99.000 -99.000    18.6    18.6 -9999.0 -9999.0 -9999.0
54794 20190825  2.623  -70.93   43.17    20.9     9.6    15.2    15.3     0.0    22.08 C    25.2     6.7    15.0    91.1    42.3    74.0   0.176   0.163 -99.000 -99.000 -99.000    18.3    18.2 -9999.0 -9999.0 -9999.0
54794 20190826  2.623  -70.93   43.17    23.2     7.5    15.4    14.9     0.0    23.98 C    27.9     4.9    14.6    91.8    39.0    70.6   0.163   0.155 -99.000 -99.000 -99.000    17.2    17.3 -9999.0 -9999.0 -9999.0
54794 20190827  2.623  -70.93   43.17    25.5     6.7    16.1    15.8     0.0    22.67 C    31.1     4.2    15.4    92.3    28.7    70.4   0.151   0.146 -99.000 -99.000 -99.000    16.9    16.9 -9999.0 -9999.0 -9999.0
54794 20190828  2.623  -70.93   43.17    25.7    12.9    19.3    18.4    65.3    17.38 C    30.0    11.5    19.1    95.8    41.6    76.9   0.167   0.155 -99.000 -99.000 -99.000    18.0    17.6 -9999.0 -9999.0 -9999.0
54794 20190829  2.623  -70.93   43.17    27.5    14.3    20.9    20.3     3.5    19.33 C    32.2    11.9    20.4    99.1    36.0    71.7   0.268   0.234 -99.000 -99.000 -99.000    19.0    18.5 -9999.0 -9999.0 -9999.0
54794 20190830  2.623  -70.93   43.17    28.1    11.3    19.7    19.9     0.0    22.20 C    31.0     9.0    18.6    82.9    38.1    60.1   0.237   0.209 -99.000 -99.000 -99.000    18.7    18.3 -9999.0 -9999.0 -9999.0
54794 20190831  2.623  -70.93   43.17    24.0    11.1    17.5    17.2     0.0    22.12 C    28.8     8.3    16.6    82.7    30.5    60.5   0.220   0.195 -99.000 -99.000 -99.000    18.2    18.0 -9999.0 -9999.0 -9999.0
54794 20190901  2.623  -70.93   43.17    22.1     8.6    15.3    15.2     0.0    20.61 C    27.9     6.2    14.9    82.9    36.3    64.9   0.207   0.184 -99.000 -99.000 -99.000    17.2    17.2 -9999.0 -9999.0 -9999.0
54794 20190902  2.623  -70.93   43.17    20.3    12.4    16.4    16.8     3.7     7.15 C    23.0    11.4    16.7    82.4    53.9    75.1   0.207   0.181 -99.000 -99.000 -99.000    17.4    17.2 -9999.0 -9999.0 -9999.0
54794 20190903  2.623  -70.93   43.17    25.4    12.5    18.9    18.4     0.0    18.01 C    29.5    10.4    18.0    83.0    42.1    68.0   0.211   0.185 -99.000 -99.000 -99.000    17.8    17.5 -9999.0 -9999.0 -9999.0
54794 20190904  2.623  -70.93   43.17    26.0    14.3    20.2    20.1     0.0     9.91 C    28.9    12.2    19.1    83.3    53.9    70.6   0.202   0.180 -99.000 -99.000 -99.000    18.4    17.9 -9999.0 -9999.0 -9999.0
54794 20190905  2.623  -70.93   43.17    21.6     9.8    15.7    15.3     0.0    19.98 C    26.3     7.7    14.8    78.4    36.3    58.5   0.194   0.173 -99.000 -99.000 -99.000    17.5    17.5 -9999.0 -9999.0 -9999.0
54794 20190906  2.623  -70.93   43.17    19.4     9.1    14.3    14.3     0.0    13.42 C    22.2     6.9    13.7    82.5    45.8    66.7   0.185   0.167 -99.000 -99.000 -99.000    16.4    16.4 -9999.0 -9999.0 -9999.0
54794 20190907  2.623  -70.93   43.17    20.5    11.2    15.9    14.9     2.5    13.39 C    25.7     9.4    15.0    79.6    39.6    64.9   0.186   0.166 -99.000 -99.000 -99.000    16.6    16.4 -9999.0 -9999.0 -9999.0
54794 20190908  2.623  -70.93   43.17    22.1     9.4    15.7    15.4     0.0    18.47 C    27.3     6.6    14.5    80.3    35.7    61.1   0.180   0.163 -99.000 -99.000 -99.000    16.4    16.3 -9999.0 -9999.0 -9999.0
54794 20190909  2.623  -70.93   43.17    22.0     6.8    14.4    14.1     0.0    16.26 C    27.1     4.6    13.6    82.9    32.5    65.8   0.170   0.157 -99.000 -99.000 -99.000    15.7    15.7 -9999.0 -9999.0 -9999.0
54794 20190910  2.623  -70.93   43.17    20.0     8.9    14.5    15.2     0.0    10.77 C    23.7     6.4    14.9    83.1    56.5    71.7   0.164   0.153 -99.000 -99.000 -99.000    15.8    15.6 -9999.0 -9999.0 -9999.0
54794 20190911  2.623  -70.93   43.17    28.2    16.9    22.6    21.4     2.2    15.75 C    31.0    14.9    21.0    82.6    45.0    69.4   0.165   0.153 -99.000 -99.000 -99.000    17.9    17.2 -9999.0 -9999.0 -9999.0
54794 20190912  2.623  -70.93   43.17    18.7     8.1    13.4    14.3     1.5     6.65 C    21.9     5.6    13.6    82.1    47.2    72.3   0.164   0.153 -99.000 -99.000 -99.000    17.0    17.0 -9999.0 -9999.0 -9999.0
54794 20190913  2.623  -70.93   43.17    18.8     4.7    11.7    11.6     0.0    21.30 C    23.2     2.3    10.8    82.7    27.5    60.9   0.162   0.151 -99.000 -99.000 -99.000    15.0    15.3 -9999.0 -9999.0 -9999.0
54794 20190914  2.623  -70.93   43.17    18.4     3.7    11.0    12.6     0.9     3.12 C    19.0     1.7    12.2    82.2    74.5    79.1   0.158   0.147 -99.000 -99.000 -99.000    14.1    14.3 -9999.0 -9999.0 -9999.0
54794 20190915  2.623  -70.93   43.17    24.2    13.3    18.8    18.2     0.0    19.83 C    28.3    10.3    17.6    82.9    33.2    62.8   0.156   0.146 -99.000 -99.000 -99.000    16.1    15.6 -9999.0 -9999.0 -9999.0
54794 20190916  2.623  -70.93   43.17    20.4     8.2    14.3    14.6     0.0    15.24 C    24.9     5.4    13.4    78.2    35.5    59.0   0.148   0.141 -99.000 -99.000 -99.000    15.6    15.5 -9999.0 -9999.0 -9999.0
54794 20190917  2.623  -70.93   43.17    19.7     7.5    13.6    13.6     0.0    11.95 C    24.3     4.4    12.8    81.6    45.7    65.5   0.141   0.137 -99.000 -99.000 -99.000    14.6    14.7 -9999.0 -9999.0 -9999.0
54794 20190918  2.623  -70.93   43.17    16.8     3.8    10.3    10.3     0.0    18.67 C    21.1     0.5     9.4    79.1    32.4    57.7   0.133   0.133 -99.000 -99.000 -99.000    14.1    14.3 -9999.0 -9999.0 -9999.0
54794 20190919  2.623  -70.93   43.17    20.5     1.9    11.2    10.5     0.0    20.19 C    24.3    -0.8     9.6    83.8    25.2    60.9   0.126   0.128 -99.000 -99.000 -99.000    12.8    13.2 -9999.0 -9999.0 -9999.0
54794 20190920  2.623  -70.93   43.17    25.7     2.5    14.1    14.7     0.0    19.01 C    28.7     0.0    13.6    83.7    28.2    60.8   0.119   0.123 -99.000 -99.000 -99.000    13.2    13.2 -9999.0 -9999.0 -9999.0
54794 20190921  2.623  -70.93   43.17    28.0    11.1    19.5    18.5     0.0    18.43 C    31.7     8.9    17.7    81.7    34.7    63.3   0.114   0.118 -99.000 -99.000 -99.000    15.2    14.8 -9999.0 -9999.0 -9999.0
54794 20190922  2.623  -70.93   43.17    28.9    10.5    19.7    20.2     0.0    18.28 C    31.8     8.5    18.7    83.7    26.7    60.7   0.109   0.114 -99.000 -99.000 -99.000    15.9    15.5 -9999.0 -9999.0 -9999.0
54794 20190923  2.623  -70.93   43.17    29.9    18.0    24.0    22.8     0.2     9.96 C    32.4    16.4    21.6    82.6    41.2    67.8   0.105   0.110 -99.000 -99.000 -99.000    17.6    16.8 -9999.0 -9999.0 -9999.0
54794 20190924  2.623  -70.93   43.17    24.4    10.9    17.7    18.4     0.0    14.67 C    31.1     7.7    17.6    89.5    39.4    69.0   0.100   0.105 -99.000 -99.000 -99.000    17.6    17.1 -9999.0 -9999.0 -9999.0
54794 20190925  2.623  -70.93   43.17    20.6     7.9    14.3    13.6     0.0    13.31 C    28.0     5.0    12.7    91.5    46.9    74.8   0.096   0.101 -99.000 -99.000 -99.000    15.4    15.4 -9999.0 -9999.0 -9999.0
54794 20190926  2.623  -70.93   43.17    26.4     7.0    16.7    14.7     5.1    10.93 C    30.5     5.1    13.9    92.1    38.0    79.1   0.097   0.098 -99.000 -99.000 -99.000    14.9    14.8 -9999.0 -9999.0 -9999.0
54794 20190927  2.623  -70.93   43.17    21.8     8.4    15.1    14.5     0.0    17.02 C    26.6     4.9    13.8    92.0    41.5    72.5   0.111   0.101 -99.000 -99.000 -99.000    14.8    14.7 -9999.0 -9999.0 -9999.0
54794 20190928  2.623  -70.93   43.17    25.7     7.2    16.5    17.4     0.0    15.73 C    29.4     5.1    16.8    91.9    47.9    73.0   0.103   0.099 -99.000 -99.000 -99.000    15.1    14.7 -9999.0 -9999.0 -9999.0
54794 20190929  2.623  -70.93   43.17    22.5     5.9    14.2    16.0     0.0    15.85 C    27.9     2.4    14.8    89.1    32.9    65.0   0.097   0.096 -99.000 -99.000 -99.000    15.9    15.6 -9999.0 -9999.0 -9999.0
54794 20190930  2.623  -70.93   43.17    15.7     3.6     9.6     9.9     0.4    12.44 C    22.6     0.7     9.9    90.0    50.6    73.3   0.091   0.093 -99.000 -99.000 -99.000    13.3    13.6 -9999.0 -9999.0 -9999.0
54794 20191001  2.623  -70.93   43.17    19.0    10.8    14.9    14.7     4.3     4.36 C    21.7    10.7    14.7    92.0    77.0    87.2   0.101   0.096 -99.000 -99.000 -99.000    14.5    14.2 -9999.0 -9999.0 -9999.0
54794 20191002  2.623  -70.93   43.17    20.4     8.7    14.6    16.1     3.0     1.81 C    19.9     8.2    15.6    92.0    78.1    86.3   0.114   0.102 -99.000 -99.000 -99.000    15.6    15.2 -9999.0 -9999.0 -9999.0
54794 20191003  2.623  -70.93   43.17    11.6     3.6     7.6     8.2     1.8     8.01 C    17.8     1.2     8.5    90.6    54.2    73.6   0.122   0.109 -99.000 -99.000 -99.000    13.4    13.7 -9999.0 -9999.0 -9999.0
54794 20191004  2.623  -70.93   43.17    14.9     1.8     8.3     8.9     2.3    12.24 C    20.1    -1.4     8.7    92.0    40.7    71.2   0.144   0.121 -99.000 -99.000 -99.000    12.8    13.1 -9999.0 -9999.0 -9999.0
54794 20191005  2.623  -70.93   43.17    15.2    -0.6     7.3     6.0     0.0    16.15 C    20.7    -3.1     5.4    91.0    29.2    66.8   0.138   0.119 -99.000 -99.000 -99.000    10.7    11.3 -9999.0 -9999.0 -9999.0
54794 20191006  2.623  -70.93   43.17    17.7    -2.1     7.8    10.0     0.0     6.35 C    18.1    -4.3     9.2    92.0    56.7    77.4   0.132   0.115 -99.000 -99.000 -99.000    10.2    10.6 -9999.0 -9999.0 -9999.0
54794 20191007  2.623  -70.93   43.17    24.2    13.9    19.1    18.5    17.6     5.22 C    26.0    13.3    17.6    91.6    50.9    75.6   0.156   0.129 -99.000 -99.000 -99.000    14.0    13.3 -9999.0 -9999.0 -9999.0
54794 20191008  2.623  -70.93   43.17    17.9     7.7    12.8    13.2     2.1     9.49 C    20.7     4.3    12.7    92.0    45.9    80.3   0.234   0.195 -99.000 -99.000 -99.000    14.3    14.0 -9999.0 -9999.0 -9999.0
54794 20191009  2.623  -70.93   43.17    13.8     8.1    11.0    10.8     0.0     4.11 C    17.2     5.5     9.6    89.1    50.6    68.5   0.206   0.175 -99.000 -99.000 -99.000    12.7    12.8 -9999.0 -9999.0 -9999.0
54794 20191010  2.623  -70.93   43.17    13.1     7.5    10.3    10.8     0.0     3.96 C    13.5     4.0     9.1    77.5    45.9    61.7   0.193   0.166 -99.000 -99.000 -99.000    12.1    12.3 -9999.0 -9999.0 -9999.0
54794 20191011  2.623  -70.93   43.17    15.7    10.0    12.9    12.2     0.0     6.84 C    18.1     7.8    11.7    87.7    37.2    60.3   0.182   0.158 -99.000 -99.000 -99.000    12.1    12.2 -9999.0 -9999.0 -9999.0
54794 20191012  2.623  -70.93   43.17    14.4     8.3    11.3    11.4     0.0     4.36 C    17.2     6.0    11.2    91.2    67.5    82.4   0.175   0.153 -99.000 -99.000 -99.000    12.6    12.6 -9999.0 -9999.0 -9999.0
54794 20191013  2.623  -70.93   43.17    20.4     6.5    13.5    11.8     0.0    10.51 C    26.3     3.6    11.5    91.9    51.2    80.3   0.171   0.150 -99.000 -99.000 -99.000    12.7    12.6 -9999.0 -9999.0 -9999.0
54794 20191014  2.623  -70.93   43.17    18.9     6.7    12.8    11.4     0.0    11.45 C    25.3     5.8    12.8   100.0    57.8    86.2   0.166   0.145 -99.000 -99.000 -99.000    12.7    12.6 -9999.0 -9999.0 -9999.0
54794 20191015  2.623  -70.93   43.17    15.7     2.2     9.0     9.7     0.0    13.63 C    20.8    -0.3     8.8    90.3    26.8    60.6   0.161   0.141 -99.000 -99.000 -99.000    12.2    12.4 -9999.0 -9999.0 -9999.0
54794 20191016  2.623  -70.93   43.17    14.9    -0.3     7.3     8.7     6.5    10.62 C    22.8    -2.0     9.3    91.8    47.2    75.3   0.156   0.137 -99.000 -99.000 -99.000    10.7    11.0 -9999.0 -9999.0 -9999.0
54794 20191017  2.623  -70.93   43.17    15.1     6.7    10.9     9.9    43.0     3.59 C    14.4     4.2     9.3    90.5    65.2    79.3   0.276   0.243 -99.000 -99.000 -99.000    11.7    11.8 -9999.0 -9999.0 -9999.0
54794 20191018  2.623  -70.93   43.17    13.6     6.4    10.0     9.5     0.0    12.03 C    18.8     3.5     8.5    72.2    44.5    59.0   0.248   0.222 -99.000 -99.000 -99.000    10.9    11.1 -9999.0 -9999.0 -9999.0
54794 20191019  2.623  -70.93   43.17    14.3     1.4     7.8     7.4     0.0    13.15 C    19.7    -1.0     6.7    90.6    34.4    63.6   0.230   0.209 -99.000 -99.000 -99.000    10.2    10.6 -9999.0 -9999.0 -9999.0
54794 20191020  2.623  -70.93   43.17    14.3     0.3     7.3     7.5     0.0     8.89 C    23.4    -1.2     8.0    91.5    49.7    77.9   0.222   0.200 -99.000 -99.000 -99.000     9.8    10.1 -9999.0 -9999.0 -9999.0
54794 20191021  2.623  -70.93   43.17    17.8     4.2    11.0    10.5     0.0    11.97 C    24.6     1.9    10.6    91.3    46.6    76.7   0.214   0.194 -99.000 -99.000 -99.000    11.0    11.1 -9999.0 -9999.0 -9999.0
54794 20191022  2.623  -70.93   43.17    14.2     4.2     9.2     9.9     7.2     6.94 C    22.1     2.2    10.2    91.6    64.5    83.0   0.211   0.190 -99.000 -99.000 -99.000    10.7    10.8 -9999.0 -9999.0 -9999.0
54794 20191023  2.623  -70.93   43.17    18.6     6.6    12.6    12.6    23.1     9.82 C    22.3     3.1    11.7    91.7    36.5    70.9   0.287   0.249 -99.000 -99.000 -99.000    11.9    11.8 -9999.0 -9999.0 -9999.0
54794 20191024  2.623  -70.93   43.17    18.6     2.0    10.3    11.1     0.0    11.89 C    22.6    -0.3     9.4    89.2    30.1    55.7   0.259   0.222 -99.000 -99.000 -99.000    10.8    11.0 -9999.0 -9999.0 -9999.0
54794 20191025  2.623  -70.93   43.17    14.0     7.7    10.8    10.1     2.3     4.11 C    17.5     6.1     9.7    90.8    54.4    71.3   0.247   0.211 -99.000 -99.000 -99.000    11.0    11.1 -9999.0 -9999.0 -9999.0
54794 20191026  2.623  -70.93   43.17    14.8     1.8     8.3     8.5     0.6    11.07 C    20.9     0.0     8.5    91.6    35.6    73.5   0.253   0.216 -99.000 -99.000 -99.000    10.9    11.1 -9999.0 -9999.0 -9999.0
54794 20191027  2.623  -70.93   43.17     9.1     2.1     5.6     6.4    31.9     0.60 C     8.9     0.3     6.3    91.0    84.1    88.7   0.282   0.242 -99.000 -99.000 -99.000     9.4     9.8 -9999.0 -9999.0 -9999.0
54794 20191028  2.623  -70.93   43.17 -9999.0 -9999.0 -9999.0 -9999.0     0.3     3.44 C    14.8     7.0     9.6    93.8    73.9    83.1   0.277   0.235 -99.000 -99.000 -99.000    10.3    10.2 -9999.0 -9999.0 -9999.0
54794 20191029  2.623  -70.93   43.17 -9999.0 -9999.0 -9999.0 -9999.0     0.8     2.75 C    14.2     8.1    10.4    81.3    74.0    78.7   0.268   0.230 -99.000 -99.000 -99.000    10.9    10.7 -9999.0 -9999.0 -9999.0
54794 20191030  2.623  -70.93   43.17 -9999.0 -9999.0 -9999.0 -9999.0     3.4     3.75 C    20.7     9.0    13.5    82.0    66.4    77.8   0.264   0.228 -99.000 -99.000 -99.000    11.8    11.5 -9999.0 -9999.0 -9999.0
54794 20191031  2.623  -70.93   43.17 -9999.0 -9999.0 -9999.0 -9999.0    10.2     1.31 C    19.2    13.1    16.5    84.3    73.3    80.1   0.290   0.250 -99.000 -99.000 -99.000    13.2    12.6 -9999.0 -9999.0 -9999.0
54794 20191101 -9.000  -70.93   43.17 -9999.0 -9999.0 -9999.0 -9999.0 -9999.0 -9999.00 U -9999.0 -9999.0 -9999.0 -9999.0 -9999.0 -9999.0 -99.000 -99.000 -99.000 -99.000 -99.000 -9999.0 -9999.0 -9999.0 -9999.0 -9999.0
54794 20191102 -9.000  -70.93   43.17 -9999.0 -9999.0 -9999.0 -9999.0 -9999.0 -9999.00 U -9999.0 -9999.0 -9999.0 -9999.0 -9999.0 -9999.0 -99.000 -99.000 -99.000 -99.000 -99.000 -9999.0 -9999.0 -9999.0 -9999.0 -9999.0
54794 20191103 -9.000  -70.93   43.17 -9999.0 -9999.0 -9999.0 -9999.0 -9999.0 -9999.00 U -9999.0 -9999.0 -9999.0 -9999.0 -9999.0 -9999.0 -99.000 -99.000 -99.000 -99.000 -99.000 -9999.0 -9999.0 -9999.0 -9999.0 -9999.0
54794 20191104 -9.000  -70.93   43.17 -9999.0 -9999.0 -9999.0 -9999.0 -9999.0 -9999.00 U -9999.0 -9999.0 -9999.0 -9999.0 -9999.0 -9999.0 -99.000 -99.000 -99.000 -99.000 -99.000 -9999.0 -9999.0 -9999.0 -9999.0 -9999.0
54794 20191105 -9.000  -70.93   43.17 -9999.0 -9999.0 -9999.0 -9999.0 -9999.0 -9999.00 U -9999.0 -9999.0 -9999.0 -9999.0 -9999.0 -9999.0 -99.000 -99.000 -99.000 -99.000 -99.000 -9999.0 -9999.0 -9999.0 -9999.0 -9999.0
54794 20191106 -9.000  -70.93   43.17 -9999.0 -9999.0 -9999.0 -9999.0 -9999.0 -9999.00 U -9999.0 -9999.0 -9999.0 -9999.0 -9999.0 -9999.0 -99.000 -99.000 -99.000 -99.000 -99.000 -9999.0 -9999.0 -9999.0 -9999.0 -9999.0
54794 20191107 -9.000  -70.93   43.17 -9999.0 -9999.0 -9999.0 -9999.0 -9999.0 -9999.00 U -9999.0 -9999.0 -9999.0 -9999.0 -9999.0 -9999.0 -99.000 -99.000 -99.000 -99.000 -99.000 -9999.0 -9999.0 -9999.0 -9999.0 -9999.0
54794 20191108 -9.000  -70.93   43.17 -9999.0 -9999.0 -9999.0 -9999.0 -9999.0 -9999.00 U -9999.0 -9999.0 -9999.0 -9999.0 -9999.0 -9999.0 -99.000 -99.000 -99.000 -99.000 -99.000 -9999.0 -9999.0 -9999.0 -9999.0 -9999.0
54794 20191109 -9.000  -70.93   43.17 -9999.0 -9999.0 -9999.0 -9999.0 -9999.0 -9999.00 U -9999.0 -9999.0 -9999.0 -9999.0 -9999.0 -9999.0 -99.000 -99.000 -99.000 -99.000 -99.000 -9999.0 -9999.0 -9999.0 -9999.0 -9999.0
54794 20191110 -9.000  -70.93   43.17 -9999.0 -9999.0 -9999.0 -9999.0 -9999.0 -9999.00 U -9999.0 -9999.0 -9999.0 -9999.0 -9999.0 -9999.0 -99.000 -99.000 -99.000 -99.000 -99.000 -9999.0 -9999.0 -9999.0 -9999.0 -9999.0
54794 20191111 -9.000  -70.93   43.17 -9999.0 -9999.0 -9999.0 -9999.0 -9999.0 -9999.00 U -9999.0 -9999.0 -9999.0 -9999.0 -9999.0 -9999.0 -99.000 -99.000 -99.000 -99.000 -99.000 -9999.0 -9999.0 -9999.0 -9999.0 -9999.0
54794 20191112 -9.000  -70.93   43.17 -9999.0 -9999.0 -9999.0 -9999.0 -9999.0 -9999.00 U -9999.0 -9999.0 -9999.0 -9999.0 -9999.0 -9999.0 -99.000 -99.000 -99.000 -99.000 -99.000 -9999.0 -9999.0 -9999.0 -9999.0 -9999.0
54794 20191113 -9.000  -70.93   43.17 -9999.0 -9999.0 -9999.0 -9999.0 -9999.0 -9999.00 U -9999.0 -9999.0 -9999.0 -9999.0 -9999.0 -9999.0 -99.000 -99.000 -99.000 -99.000 -99.000 -9999.0 -9999.0 -9999.0 -9999.0 -9999.0
54794 20191114 -9.000  -70.93   43.17 -9999.0 -9999.0 -9999.0 -9999.0 -9999.0 -9999.00 U -9999.0 -9999.0 -9999.0 -9999.0 -9999.0 -9999.0 -99.000 -99.000 -99.000 -99.000 -99.000 -9999.0 -9999.0 -9999.0 -9999.0 -9999.0
54794 20191115  2.623  -70.93   43.17 -9999.0 -9999.0 -9999.0 -9999.0 -9999.0 -9999.00 U -9999.0 -9999.0 -9999.0 -9999.0 -9999.0 -9999.0 -99.000 -99.000 -99.000 -99.000 -99.000 -9999.0 -9999.0 -9999.0 -9999.0 -9999.0
54794 20191116  2.623  -70.93   43.17     1.3    -8.3    -3.5    -2.9     0.0     9.12 C     7.7   -11.1    -4.0    64.0    17.4    33.8   0.245   0.212 -99.000 -99.000 -99.000     2.9     3.6 -9999.0 -9999.0 -9999.0
54794 20191117  2.623  -70.93   43.17     1.4    -9.5    -4.0    -2.8     0.0     6.33 C     9.6   -11.8    -2.8    68.5    47.1    57.1   0.239   0.208 -99.000 -99.000 -99.000     1.8     2.7 -9999.0 -9999.0 -9999.0
54794 20191118  2.623  -70.93   43.17     3.6     0.1     1.9     1.8     5.4     1.28 C     4.3    -0.3     1.9    91.6    45.6    71.4   0.247   0.211 -99.000 -99.000 -99.000     3.0     3.3 -9999.0 -9999.0 -9999.0
54794 20191119  2.623  -70.93   43.17     4.2     1.1     2.7     2.6     6.2     2.24 C     9.1    -0.5     3.0    93.3    86.2    90.7   0.292   0.246 -99.000 -99.000 -99.000     4.4     4.4 -9999.0 -9999.0 -9999.0
54794 20191120  2.623  -70.93   43.17     3.2     1.0     2.1     2.3     4.4     1.46 C     4.9    -0.5     2.6    93.2    87.9    90.4   0.292   0.246 -99.000 -99.000 -99.000     4.7     4.8 -9999.0 -9999.0 -9999.0
54794 20191121  2.623  -70.93   43.17     8.1    -1.3     3.4     2.0     0.0     8.03 C    12.8    -3.6     1.2    91.9    53.9    80.7   0.287   0.246 -99.000 -99.000 -99.000     4.5     4.8 -9999.0 -9999.0 -9999.0
54794 20191122  2.623  -70.93   43.17     8.1    -0.6     3.8     3.6     1.4     0.79 C     7.9    -2.5     2.7    92.6    43.8    75.8   0.278   0.239 -99.000 -99.000 -99.000     4.6     4.8 -9999.0 -9999.0 -9999.0
54794 20191123  2.623  -70.93   43.17     6.0    -2.5     1.8     0.6     0.0     7.96 C     9.4    -6.0    -0.9    78.9    27.4    47.8   0.273   0.237 -99.000 -99.000 -99.000     3.8     4.3 -9999.0 -9999.0 -9999.0
54794 20191124  2.623  -70.93   43.17     4.2    -2.9     0.6     1.1    26.9     0.57 C     3.3    -5.3     0.9    91.6    74.3    86.1   0.300   0.257 -99.000 -99.000 -99.000     3.3     3.7 -9999.0 -9999.0 -9999.0
54794 20191125  2.623  -70.93   43.17    10.0     1.0     5.5     4.5     0.0     8.62 C    16.1    -2.0     3.1    86.7    42.9    66.5   0.289   0.249 -99.000 -99.000 -99.000     4.2     4.4 -9999.0 -9999.0 -9999.0
54794 20191126  2.623  -70.93   43.17    15.0    -2.3     6.4     4.9     0.0     7.12 C    16.6    -4.5     3.2    91.8    38.0    73.1   0.274   0.237 -99.000 -99.000 -99.000     4.4     4.6 -9999.0 -9999.0 -9999.0
54794 20191127  2.623  -70.93   43.17     9.4    -1.6     3.9     4.6    10.2     3.83 C    13.1    -4.0     4.1    92.1    57.4    84.2   0.277   0.239 -99.000 -99.000 -99.000     4.7     4.8 -9999.0 -9999.0 -9999.0
54794 20191128  2.623  -70.93   43.17     5.9    -0.1     2.9     3.3     5.4     2.15 C     7.8    -3.1     2.5    89.7    56.5    74.7   0.304   0.260 -99.000 -99.000 -99.000     5.3     5.4 -9999.0 -9999.0 -9999.0
54794 20191129  2.623  -70.93   43.17     4.1    -3.4     0.3     0.0     0.0     7.32 C     8.0    -6.0    -1.3    71.7    43.0    55.4   0.281   0.242 -99.000 -99.000 -99.000     3.7     4.3 -9999.0 -9999.0 -9999.0
54794 20191130  2.623  -70.93   43.17    -0.6    -8.7    -4.6    -4.1     0.0     7.61 C     4.8   -10.7    -4.8    69.8    29.4    44.5   0.269   0.234 -99.000 -99.000 -99.000     2.2     3.1 -9999.0 -9999.0 -9999.0
54794 20191201  2.623  -70.93   43.17    -0.2    -9.8    -5.0    -4.6     8.9     4.86 C     4.1   -11.3    -4.3    87.5    38.0    68.0   0.258   0.226 -99.000 -99.000 -99.000     1.4     2.2 -9999.0 -9999.0 -9999.0
54794 20191202  2.623  -70.93   43.17    -0.5    -3.3    -1.9    -2.2    17.6     2.22 C    -1.1    -3.5    -2.6    87.8    63.3    80.2   0.261   0.227 -99.000 -99.000 -99.000     1.8     2.3 -9999.0 -9999.0 -9999.0
54794 20191203  2.623  -70.93   43.17     0.0    -4.7    -2.4    -1.9    12.7     1.53 C    -0.2   -11.9    -3.7    87.9    63.4    79.2   0.263   0.229 -99.000 -99.000 -99.000     2.5     2.8 -9999.0 -9999.0 -9999.0
54794 20191204  2.623  -70.93   43.17     2.8    -8.9    -3.0    -2.2     0.0     4.02 C    -0.2   -14.9    -6.3    90.5    56.0    74.2   0.266   0.233 -99.000 -99.000 -99.000     2.9     3.1 -9999.0 -9999.0 -9999.0
54794 20191205  2.623  -70.93   43.17     5.3    -8.8    -1.8    -0.9     0.0     5.96 C     1.3   -14.7    -5.4    91.3    44.8    68.1   0.268   0.235 -99.000 -99.000 -99.000     3.0     3.2 -9999.0 -9999.0 -9999.0
54794 20191206  2.623  -70.93   43.17    -1.1    -5.9    -3.5    -2.8     2.8     2.25 C    -2.1   -13.6    -6.4    89.9    45.4    69.2   0.270   0.237 -99.000 -99.000 -99.000     3.1     3.3 -9999.0 -9999.0 -9999.0
54794 20191207  2.623  -70.93   43.17    -1.1   -12.0    -6.6    -5.3     0.0     6.54 C    -4.0   -19.9   -12.1    89.8    41.5    65.2   0.269   0.237 -99.000 -99.000 -99.000     3.1     3.3 -9999.0 -9999.0 -9999.0
54794 20191208  2.623  -70.93   43.17     0.1   -17.1    -8.5    -6.8     0.0     7.01 C    -3.0   -22.5   -11.9    84.0    25.0    58.2   0.267   0.235 -99.000 -99.000 -99.000     3.1     3.3 -9999.0 -9999.0 -9999.0
54794 20191209  2.623  -70.93   43.17    11.2    -2.1     4.6     4.0    16.6     0.81 C     1.9    -5.9    -0.1    93.6    65.6    87.2   0.275   0.244 -99.000 -99.000 -99.000     3.0     3.1 -9999.0 -9999.0 -9999.0
54794 20191210  2.623  -70.93   43.17    12.9     2.3     7.6     9.6     3.9     2.96 C    12.8     1.8     6.2    91.2    75.3    83.9   0.296   0.266 -99.000 -99.000 -99.000     3.4     3.1 -9999.0 -9999.0 -9999.0
54794 20191211  2.623  -70.93   43.17     2.3    -6.3    -2.0    -1.9     3.1     3.41 C     2.0    -9.8    -3.4    89.3    44.1    77.4   0.297   0.255 -99.000 -99.000 -99.000     3.5     3.7 -9999.0 -9999.0 -9999.0
54794 20191212  2.623  -70.93   43.17    -1.1    -7.5    -4.3    -4.3     0.0     6.72 C     0.5   -12.2    -6.5    81.4    31.2    51.0   0.279   0.241 -99.000 -99.000 -99.000     1.8     2.4 -9999.0 -9999.0 -9999.0
54794 20191213  2.623  -70.93   43.17     2.4    -8.3    -2.9    -2.2     7.5     3.09 C     3.9   -10.0    -2.3    93.1    62.2    81.3   0.272   0.237 -99.000 -99.000 -99.000     1.3     1.8 -9999.0 -9999.0 -9999.0
54794 20191214  2.623  -70.93   43.17    12.0     1.2     6.6     6.9    71.5     1.32 C    11.8     1.6     6.8    93.3    76.2    92.2   0.327   0.280 -99.000 -99.000 -99.000     3.7     3.3 -9999.0 -9999.0 -9999.0
54794 20191215  2.623  -70.93   43.17    10.7    -1.5     4.6     4.8     0.0     4.96 C    10.4    -4.9     2.8    79.1    36.2    48.8   0.289   0.248 -99.000 -99.000 -99.000     4.2     4.2 -9999.0 -9999.0 -9999.0
54794 20191216  2.623  -70.93   43.17    -0.8    -5.0    -2.9    -2.9     0.0     4.46 C     2.8    -7.8    -4.2    58.6    31.0    40.1   0.275   0.238 -99.000 -99.000 -99.000     1.8     2.5 -9999.0 -9999.0 -9999.0
54794 20191217  2.623  -70.93   43.17    -2.1    -4.8    -3.4    -3.3    10.9     0.72 C    -1.7    -5.5    -3.2    88.2    54.5    75.1   0.267   0.233 -99.000 -99.000 -99.000     1.2     1.8 -9999.0 -9999.0 -9999.0
54794 20191218  2.623  -70.93   43.17     1.0    -7.2    -3.1    -2.4     0.4     5.21 C     0.6   -10.6    -4.8    87.0    48.0    70.4   0.268   0.234 -99.000 -99.000 -99.000     1.7     2.0 -9999.0 -9999.0 -9999.0
54794 20191219  2.623  -70.93   43.17    -7.1   -13.2   -10.2   -10.1     0.0     6.82 C    -8.7   -16.9   -12.9    54.3    36.6    42.1   0.264   0.232 -99.000 -99.000 -99.000     1.4     1.8 -9999.0 -9999.0 -9999.0
54794 20191220  2.623  -70.93   43.17    -1.9   -12.5    -7.2    -8.4     0.0     6.77 C    -3.9   -17.7   -12.6    77.2    37.9    52.3   0.256   0.227 -99.000 -99.000 -99.000     1.0     1.5 -9999.0 -9999.0 -9999.0
54794 20191221  2.623  -70.93   43.17    -1.3   -14.3    -7.8    -7.4     0.0     4.95 C    -2.7   -18.4   -10.6    84.3    47.2    70.8   0.252   0.224 -99.000 -99.000 -99.000     0.9     1.3 -9999.0 -9999.0 -9999.0
54794 20191222  2.623  -70.93   43.17     4.8   -10.6    -2.9    -3.9     0.0     5.38 C     0.3   -14.3    -7.4    87.0    43.9    74.2   0.250   0.223 -99.000 -99.000 -99.000     0.8     1.3 -9999.0 -9999.0 -9999.0
54794 20191223  2.623  -70.93   43.17     9.8    -7.6     1.1     1.7     0.0     6.64 C     3.4   -10.8    -3.3    88.8    38.1    67.0   0.266   0.234 -99.000 -99.000 -99.000     0.9     1.2 -9999.0 -9999.0 -9999.0
54794 20191224  2.623  -70.93   43.17     6.6    -4.3     1.2     2.0     0.0     6.50 C     4.6    -8.4    -1.6    70.4    31.2    49.0   0.285   0.250 -99.000 -99.000 -99.000     1.1     1.4 -9999.0 -9999.0 -9999.0
54794 20191225  2.623  -70.93   43.17     2.2    -6.1    -1.9    -2.3     0.0     5.33 C     6.2    -8.7    -3.4    82.5    48.4    68.5   0.281   0.245 -99.000 -99.000 -99.000     0.9     1.2 -9999.0 -9999.0 -9999.0
54794 20191226  2.623  -70.93   43.17     1.0    -4.4    -1.7    -2.2     0.0     6.30 C     5.5    -7.4    -2.9    81.2    43.3    66.2   0.276   0.241 -99.000 -99.000 -99.000     0.8     1.2 -9999.0 -9999.0 -9999.0
54794 20191227  2.623  -70.93   43.17     5.9    -2.2     1.9     1.1     0.3     1.18 C     4.2    -2.4     0.2    92.7    63.4    82.7   0.276   0.241 -99.000 -99.000 -99.000     0.9     1.2 -9999.0 -9999.0 -9999.0
54794 20191228  2.623  -70.93   43.17     7.4    -0.5     3.5     3.6     0.0     6.17 C     9.5    -5.7     0.3    92.6    38.2    66.6   0.283   0.248 -99.000 -99.000 -99.000     1.3     1.6 -9999.0 -9999.0 -9999.0
54794 20191229  2.623  -70.93   43.17     4.6    -4.8    -0.1     0.5     0.6     6.05 C     9.4    -7.7    -0.5    84.4    41.3    63.0   0.280   0.245 -99.000 -99.000 -99.000     1.1     1.5 -9999.0 -9999.0 -9999.0
54794 20191230  2.623  -70.93   43.17    -0.6    -4.0    -2.3    -2.8    45.5     0.77 C    -0.4    -4.0    -2.7    88.7    84.1    87.2   0.278   0.244 -99.000 -99.000 -99.000     1.4     1.7 -9999.0 -9999.0 -9999.0
54794 20191231  2.623  -70.93   43.17     1.5    -3.2    -0.8    -0.4     9.4     3.78 C     0.5    -3.3    -0.5    92.0    81.8    88.4   0.277   0.243 -99.000 -99.000 -99.000     1.6     1.7 -9999.0 -9999.0 -9999.0
