54794 20220101  2.623  -70.93   43.17     4.3     0.9     2.6     2.4     2.9     0.91 C     4.4     1.0     2.2    94.0    93.4    93.7   0.354   0.273 -99.000 -99.000 -99.000     2.4     2.6 -9999.0 -9999.0 -9999.0
54794 20220102  2.623  -70.93   43.17     5.5    -2.3     1.6     2.6     3.0     1.19 C     6.1    -3.0     2.5    94.0    69.7    90.5   0.347   0.263 -99.000 -99.000 -99.000     3.3     3.3 -9999.0 -9999.0 -9999.0
54794 20220103  2.623  -70.93   43.17    -2.3    -7.7    -5.0    -5.4     0.0     2.32 C    -3.0    -8.5    -5.6    69.2    43.1    55.2   0.332   0.248 -99.000 -99.000 -99.000     1.8     2.2 -9999.0 -9999.0 -9999.0
54794 20220104  2.623  -70.93   43.17    -1.2   -12.0    -6.6    -6.9     0.0     7.38 C     3.0   -12.8    -6.2    69.9    33.7    51.8   0.315   0.233 -99.000 -99.000 -99.000     0.8     1.3 -9999.0 -9999.0 -9999.0
54794 20220105  2.623  -70.93   43.17     1.2    -8.2    -3.5    -2.7     4.1     1.02 C     1.6    -8.8    -3.0    94.9    69.4    85.8   0.328   0.234 -99.000 -99.000 -99.000     0.5     0.9 -9999.0 -9999.0 -9999.0
54794 20220106  2.623  -70.93   43.17     3.2    -2.8     0.2     0.0     0.0     6.89 C     6.4    -3.1    -0.1    94.4    42.7    67.9   0.335   0.238 -99.000 -99.000 -99.000     0.6     0.9 -9999.0 -9999.0 -9999.0
54794 20220107  2.623  -70.93   43.17    -1.9    -6.4    -4.2    -2.9    13.4     0.53 C    -0.8    -7.7    -3.0    88.9    58.8    78.6   0.322   0.239 -99.000 -99.000 -99.000     0.6     0.9 -9999.0 -9999.0 -9999.0
54794 20220108  2.623  -70.93   43.17    -3.9   -14.3    -9.1    -9.0     0.0     8.41 C     2.5   -15.5    -8.3    82.6    36.4    58.9   0.321   0.239 -99.000 -99.000 -99.000     0.7     1.0 -9999.0 -9999.0 -9999.0
54794 20220109  2.623  -70.93   43.17     3.6   -13.3    -4.9    -1.4     0.6     2.38 C     3.2   -13.7    -1.8    82.3    54.3    70.2   0.325   0.242 -99.000 -99.000 -99.000     0.9     1.1 -9999.0 -9999.0 -9999.0
54794 20220110  2.623  -70.93   43.17     3.7    -8.0    -2.2    -3.6     0.0     7.67 C     3.4    -8.8    -3.1    71.9    25.5    40.2   0.331   0.250 -99.000 -99.000 -99.000     1.0     1.2 -9999.0 -9999.0 -9999.0
54794 20220111  2.623  -70.93   43.17    -8.0   -18.6   -13.3   -14.5     0.0     7.90 C    -8.5   -19.6   -14.0    61.4    26.8    39.3   0.323   0.237 -99.000 -99.000 -99.000     0.7     1.0 -9999.0 -9999.0 -9999.0
54794 20220112  2.623  -70.93   43.17     0.2   -19.0    -9.4    -8.0     0.0     5.12 C     2.6   -19.8    -7.8    68.8    41.4    57.8   0.316   0.226 -99.000 -99.000 -99.000     0.5     0.8 -9999.0 -9999.0 -9999.0
54794 20220113  2.623  -70.93   43.17     3.1    -4.3    -0.6    -1.3     0.0     3.73 C     8.8    -4.8    -0.7    79.6    46.3    67.4   0.316   0.222 -99.000 -99.000 -99.000     0.4     0.7 -9999.0 -9999.0 -9999.0
54794 20220114  2.623  -70.93   43.17     4.9   -11.4    -3.2    -0.7     0.0     3.72 C     7.2   -12.2    -0.8    82.7    28.1    60.4   0.318   0.223 -99.000 -99.000 -99.000     0.5     0.7 -9999.0 -9999.0 -9999.0
54794 20220115  2.623  -70.93   43.17   -11.4   -18.0   -14.7   -15.2     0.0     8.25 C    -7.3   -18.4   -14.5    42.6    24.8    36.1 -99.000   0.220 -99.000 -99.000 -99.000     0.3     0.6 -9999.0 -9999.0 -9999.0
54794 20220116  2.623  -70.93   43.17    -5.4   -20.3   -12.8   -12.5     0.0     8.34 C     1.8   -21.1   -11.1    68.0    26.8    51.9 -99.000   0.185 -99.000 -99.000 -99.000     0.0     0.3 -9999.0 -9999.0 -9999.0
54794 20220117  2.623  -70.93   43.17     8.5    -7.5     0.5     2.2    34.1     2.42 C     9.1    -7.6     1.8    88.6    56.1    74.4 -99.000 -99.000 -99.000 -99.000 -99.000     0.0     0.1 -9999.0 -9999.0 -9999.0
54794 20220118  2.623  -70.93   43.17     2.2   -11.1    -4.4    -4.8     0.0     7.21 C     1.7   -11.7    -4.5    71.6    33.0    45.6 -99.000   0.221 -99.000 -99.000 -99.000     0.0     0.2 -9999.0 -9999.0 -9999.0
54794 20220119  2.623  -70.93   43.17     5.9   -11.4    -2.8    -2.9     0.0     5.15 C     7.0   -11.8    -2.8    65.9    38.0    50.2 -99.000   0.205 -99.000 -99.000 -99.000    -0.1     0.1 -9999.0 -9999.0 -9999.0
54794 20220120  2.623  -70.93   43.17     3.1   -10.6    -3.7    -1.5     0.0     4.99 C     4.2   -11.2    -1.3    84.4    32.3    53.2 -99.000   0.200 -99.000 -99.000 -99.000    -0.1     0.2 -9999.0 -9999.0 -9999.0
54794 20220121  2.623  -70.93   43.17    -6.8   -15.6   -11.2   -12.0     0.0     8.19 C    -1.1   -16.2   -11.1    65.3    28.2    49.3 -99.000 -99.000 -99.000 -99.000 -99.000    -0.3     0.0 -9999.0 -9999.0 -9999.0
54794 20220122  2.623  -70.93   43.17    -5.5   -17.4   -11.5   -12.0     0.0     9.11 C    -0.1   -18.1   -11.0    68.3    25.9    53.7 -99.000 -99.000 -99.000 -99.000 -99.000    -0.8    -0.3 -9999.0 -9999.0 -9999.0
54794 20220123  2.623  -70.93   43.17    -0.3   -13.3    -6.8    -5.7     0.0     6.30 C     2.7   -13.9    -5.6    82.2    34.7    58.0 -99.000 -99.000 -99.000 -99.000 -99.000    -0.8    -0.4 -9999.0 -9999.0 -9999.0
54794 20220124  2.623  -70.93   43.17    -2.3    -9.4    -5.8    -5.3     0.3     8.42 C     2.8   -10.4    -4.3    81.3    24.9    55.8 -99.000 -99.000 -99.000 -99.000 -99.000    -0.7    -0.4 -9999.0 -9999.0 -9999.0
54794 20220125  2.623  -70.93   43.17     3.2    -5.1    -1.0    -1.6     0.5     5.56 C     6.8    -6.2    -1.4    87.6    37.9    65.0 -99.000 -99.000 -99.000 -99.000 -99.000    -0.4    -0.3 -9999.0 -9999.0 -9999.0
54794 20220126  2.623  -70.93   43.17    -4.7   -15.9   -10.3    -9.2     0.0     9.56 C    -1.3   -16.6    -8.6    66.9    23.6    42.3 -99.000 -99.000 -99.000 -99.000 -99.000    -1.0    -0.5 -9999.0 -9999.0 -9999.0
54794 20220127  2.623  -70.93   43.17    -4.8   -19.7   -12.3   -12.2     0.0     8.95 C    -1.0   -20.3   -11.5    68.6    23.2    50.9 -99.000 -99.000 -99.000 -99.000 -99.000    -1.7    -0.9 -9999.0 -9999.0 -9999.0
54794 20220128  2.623  -70.93   43.17     0.9    -7.3    -3.2    -3.6     0.0     4.16 C     3.6    -7.6    -3.5    71.0    42.7    57.3 -99.000 -99.000 -99.000 -99.000 -99.000    -1.0    -0.7 -9999.0 -9999.0 -9999.0
54794 20220129  2.623  -70.93   43.17    -3.6   -12.2    -7.9    -8.7    28.8     0.75 C    -3.9   -12.9    -8.8    82.7    47.3    70.7 -99.000 -99.000 -99.000 -99.000 -99.000    -1.1    -0.8 -9999.0 -9999.0 -9999.0
54794 20220130  2.623  -70.93   43.17    -6.6   -13.7   -10.1   -10.5     0.0    10.48 C    -2.8   -14.7   -10.2    59.6    23.6    37.4 -99.000 -99.000 -99.000 -99.000 -99.000    -0.6    -0.5 -9999.0 -9999.0 -9999.0
54794 20220131  2.623  -70.93   43.17    -2.5   -19.8   -11.2   -10.6     0.0     9.94 C     4.5   -20.4    -9.5    74.4    31.9    54.7 -99.000 -99.000 -99.000 -99.000 -99.000    -0.6    -0.5 -9999.0 -9999.0 -9999.0
54794 20220201  2.623  -70.93   43.17    -1.8   -15.7    -8.7    -7.1     0.0     6.14 C     1.7   -16.8    -7.0    78.1    48.6    69.0 -99.000 -99.000 -99.000 -99.000 -99.000    -0.6    -0.5 -9999.0 -9999.0 -9999.0
54794 20220202  2.623  -70.93   43.17     5.7    -3.2     1.3     0.8     0.0     4.82 C     7.3    -3.3     1.1    90.5    65.1    77.4 -99.000 -99.000 -99.000 -99.000 -99.000    -0.4    -0.4 -9999.0 -9999.0 -9999.0
54794 20220203  2.623  -70.93   43.17     8.1    -0.3     3.9     4.2    13.6     4.17 C    11.4    -0.4     4.1    93.2    70.8    88.1 -99.000 -99.000 -99.000 -99.000 -99.000    -0.3    -0.4 -9999.0 -9999.0 -9999.0
54794 20220204  2.623  -70.93   43.17     3.2    -7.2    -2.0    -3.8    35.1     1.48 C     2.8    -7.6    -3.9    92.2    74.9    83.8 -99.000 -99.000 -99.000 -99.000 -99.000    -0.2    -0.4 -9999.0 -9999.0 -9999.0
54794 20220205  2.623  -70.93   43.17    -5.8   -13.3    -9.5    -8.2     0.0    10.36 C    -1.2   -14.1    -7.6    74.3    35.1    53.6 -99.000 -99.000 -99.000 -99.000 -99.000    -0.2    -0.4 -9999.0 -9999.0 -9999.0
54794 20220206  2.623  -70.93   43.17    -4.4   -16.8   -10.6   -10.4     0.0    10.83 C     5.5   -17.6    -8.9    84.1    41.8    60.4 -99.000 -99.000 -99.000 -99.000 -99.000    -0.8    -0.6 -9999.0 -9999.0 -9999.0
54794 20220207  2.623  -70.93   43.17     1.7   -11.7    -5.0    -4.0     7.0     4.23 C     6.0   -12.2    -3.3    92.4    66.6    82.5 -99.000 -99.000 -99.000 -99.000 -99.000    -0.9    -0.6 -9999.0 -9999.0 -9999.0
54794 20220208  2.623  -70.93   43.17     5.0     0.7     2.8     2.2     8.8     4.60 C     6.0    -0.3     2.0    93.0    54.3    82.5 -99.000 -99.000 -99.000 -99.000 -99.000    -0.3    -0.4 -9999.0 -9999.0 -9999.0
54794 20220209  2.623  -70.93   43.17     5.5    -2.5     1.5     0.9     0.0    11.44 C    10.9    -3.3     1.7    79.7    33.9    54.3 -99.000 -99.000 -99.000 -99.000 -99.000    -0.3    -0.4 -9999.0 -9999.0 -9999.0
54794 20220210  2.623  -70.93   43.17     9.1    -4.7     2.2     1.3     0.9     7.43 C    11.0    -5.7     1.1    87.8    54.2    77.5 -99.000 -99.000 -99.000 -99.000 -99.000    -0.3    -0.3 -9999.0 -9999.0 -9999.0
54794 20220211  2.623  -70.93   43.17    10.3    -2.2     4.1     4.2     0.0    11.63 C    12.2    -2.7     4.3    83.0    26.5    57.7 -99.000 -99.000 -99.000 -99.000 -99.000    -0.3    -0.3 -9999.0 -9999.0 -9999.0
54794 20220212  2.623  -70.93   43.17    13.2     1.8     7.5     7.7     0.0     6.89 C    16.1     1.4     7.5    66.5    28.6    46.2 -99.000 -99.000 -99.000 -99.000 -99.000    -0.2    -0.3 -9999.0 -9999.0 -9999.0
54794 20220213  2.623  -70.93   43.17     2.0    -6.1    -2.0    -3.0     0.3     4.25 C     1.4    -6.6    -2.7    75.5    42.9    57.3 -99.000 -99.000 -99.000 -99.000 -99.000    -0.2    -0.3 -9999.0 -9999.0 -9999.0
54794 20220214  2.623  -70.93   43.17    -6.1   -12.9    -9.5    -8.9     0.5    10.70 C    -1.7   -13.7    -8.0    71.0    29.0    41.1 -99.000 -99.000 -99.000 -99.000 -99.000    -0.6    -0.3 -9999.0 -9999.0 -9999.0
54794 20220215  2.623  -70.93   43.17    -3.3   -13.7    -8.5    -9.1     0.0    12.47 C     0.2   -14.2    -8.2    66.3    26.8    38.3 -99.000 -99.000 -99.000 -99.000 -99.000    -1.5    -0.6 -9999.0 -9999.0 -9999.0
54794 20220216  2.623  -70.93   43.17     5.3   -14.0    -4.4    -3.1     0.0    10.97 C     5.5   -14.6    -2.6    80.8    40.8    63.0 -99.000 -99.000 -99.000 -99.000 -99.000    -1.4    -0.7 -9999.0 -9999.0 -9999.0
54794 20220217  2.623  -70.93   43.17    16.7     5.0    10.8    11.4     0.0     8.04 C    17.8     4.3    11.0    80.6    45.5    63.2 -99.000 -99.000 -99.000 -99.000 -99.000    -0.3    -0.4 -9999.0 -9999.0 -9999.0
54794 20220218  2.623  -70.93   43.17    15.0    -7.4     3.8     4.2     3.6    11.31 C    13.9    -8.3     4.5    84.5    36.5    57.2 -99.000 -99.000 -99.000 -99.000 -99.000    -0.2    -0.3 -9999.0 -9999.0 -9999.0
54794 20220219  2.623  -70.93   43.17     0.2   -11.4    -5.6    -4.9     0.2     6.73 C     2.5   -12.0    -4.8    77.0    34.3    55.2 -99.000 -99.000 -99.000 -99.000 -99.000    -0.2    -0.3 -9999.0 -9999.0 -9999.0
54794 20220220  2.623  -70.93   43.17    -1.5   -11.4    -6.5    -5.9     0.0    11.57 C     2.4   -11.9    -5.1    47.9    24.4    36.1 -99.000 -99.000 -99.000 -99.000 -99.000    -0.3    -0.3 -9999.0 -9999.0 -9999.0
54794 20220221  2.623  -70.93   43.17    13.0    -3.4     4.8     3.3     0.0    12.57 C    18.4    -4.2     4.3    79.5    22.9    46.2 -99.000 -99.000 -99.000 -99.000 -99.000    -0.3    -0.3 -9999.0 -9999.0 -9999.0
54794 20220222  2.623  -70.93   43.17    12.6    -2.2     5.2     3.1    17.5     5.70 C    11.7    -3.2     3.2    93.5    62.2    78.9 -99.000 -99.000 -99.000 -99.000 -99.000    -0.2    -0.3 -9999.0 -9999.0 -9999.0
54794 20220223  2.623  -70.93   43.17    19.6    -4.0     7.8    10.9     0.2    11.32 C    22.6    -4.4    11.1    87.1    27.5    59.1 -99.000 -99.000 -99.000 -99.000 -99.000    -0.1    -0.3 -9999.0 -9999.0 -9999.0
54794 20220224  2.623  -70.93   43.17    -1.0    -8.9    -5.0    -5.3     0.0    10.65 C     4.7    -9.3    -4.3    61.3    17.5    38.2 -99.000 -99.000 -99.000 -99.000 -99.000    -0.2    -0.2 -9999.0 -9999.0 -9999.0
54794 20220225  2.623  -70.93   43.17    -4.7   -10.7    -7.7    -8.1    17.0     3.27 C    -4.8   -11.5    -8.0    81.8    37.6    68.8 -99.000 -99.000 -99.000 -99.000 -99.000    -0.2    -0.2 -9999.0 -9999.0 -9999.0
54794 20220226  2.623  -70.93   43.17    -1.5   -17.0    -9.3    -7.9     0.0    15.04 C     6.5   -18.9    -6.2    82.1    24.9    55.7 -99.000 -99.000 -99.000 -99.000 -99.000    -0.2    -0.2 -9999.0 -9999.0 -9999.0
54794 20220227  2.623  -70.93   43.17     3.9    -9.8    -3.0    -2.7     0.7    13.29 C     8.3   -10.7    -2.3    68.7    28.6    45.1 -99.000 -99.000 -99.000 -99.000 -99.000    -0.2    -0.2 -9999.0 -9999.0 -9999.0
54794 20220228  2.623  -70.93   43.17    -4.7   -11.8    -8.2    -8.1     0.0    15.42 C     0.5   -12.5    -7.2    47.0    18.9    33.1 -99.000 -99.000 -99.000 -99.000 -99.000    -0.2    -0.2 -9999.0 -9999.0 -9999.0
54794 20220301  2.623  -70.93   43.17     1.7   -16.0    -7.2    -6.1     6.2     6.69 C     1.9   -16.5    -5.5    90.8    32.6    57.4 -99.000 -99.000 -99.000 -99.000 -99.000    -0.1    -0.1 -9999.0 -9999.0 -9999.0
54794 20220302  2.623  -70.93   43.17     3.2    -5.0    -0.9    -0.6     0.0    15.14 C     9.3    -5.9     0.6    91.2    31.6    62.1 -99.000 -99.000 -99.000 -99.000 -99.000    -0.1    -0.1 -9999.0 -9999.0 -9999.0
54794 20220303  2.623  -70.93   43.17     1.4    -9.8    -4.2    -3.2     2.1    15.41 C     7.7   -10.9    -2.0    86.6    20.9    49.0 -99.000 -99.000 -99.000 -99.000 -99.000    -0.2    -0.1 -9999.0 -9999.0 -9999.0
54794 20220304  2.623  -70.93   43.17    -0.1   -13.4    -6.8    -6.8     0.0    16.38 C     4.1   -14.5    -5.6    52.2    19.2    35.0 -99.000 -99.000 -99.000 -99.000 -99.000    -0.2     0.0 -9999.0 -9999.0 -9999.0
54794 20220305  2.623  -70.93   43.17     4.0   -14.1    -5.0    -3.3     0.0    14.48 C     9.7   -15.0    -2.0    71.9    24.5    47.6 -99.000 -99.000 -99.000 -99.000 -99.000    -0.2     0.0 -9999.0 -9999.0 -9999.0
54794 20220306  2.623  -70.93   43.17    17.1    -0.3     8.4     7.6     0.3     8.88 C    18.7    -0.6     7.9    92.0    47.9    70.3 -99.000 -99.000 -99.000 -99.000 -99.000    -0.2     0.0 -9999.0 -9999.0 -9999.0
54794 20220307  2.623  -70.93   43.17    14.8     3.3     9.0     8.0     9.9     3.19 C    13.5     3.3     7.7    93.4    41.4    66.5 -99.000 -99.000 -99.000 -99.000 -99.000    -0.2     0.0 -9999.0 -9999.0 -9999.0
54794 20220308  2.623  -70.93   43.17     8.5    -4.5     2.0     2.2     0.0    15.27 C     8.2    -5.5     2.7    76.7    23.3    44.0 -99.000 -99.000 -99.000 -99.000 -99.000    -0.1     0.0 -9999.0 -9999.0 -9999.0
54794 20220309  2.623  -70.93   43.17     3.4    -5.3    -0.9    -1.2     3.9     4.82 C     6.6    -5.7    -1.0    91.0    40.3    71.1 -99.000 -99.000 -99.000 -99.000 -99.000    -0.1     0.1 -9999.0 -9999.0 -9999.0
54794 20220310  2.623  -70.93   43.17     9.5    -6.1     1.7     1.5     0.0    16.70 C    14.3    -7.9     2.6    91.9    30.7    66.9 -99.000 -99.000 -99.000 -99.000 -99.000     0.0     0.2 -9999.0 -9999.0 -9999.0
54794 20220311  2.623  -70.93   43.17     9.5    -4.5     2.5     2.5     0.0    13.76 C    14.6    -5.2     3.7    86.7    36.3    67.2 -99.000   0.266 -99.000 -99.000 -99.000     0.3     0.6 -9999.0 -9999.0 -9999.0
54794 20220312  2.623  -70.93   43.17     4.2    -5.7    -0.8     0.3    12.2     1.72 C     4.4    -6.1     0.2    92.9    61.9    83.0   0.348   0.268 -99.000 -99.000 -99.000     0.5     1.1 -9999.0 -9999.0 -9999.0
54794 20220313  2.623  -70.93   43.17     0.9    -6.5    -2.8    -3.4     0.0    17.46 C     4.9    -7.2    -2.7    62.8    27.4    45.1 -99.000   0.256 -99.000 -99.000 -99.000     0.3     0.7 -9999.0 -9999.0 -9999.0
54794 20220314  2.623  -70.93   43.17     8.3    -5.7     1.3     1.5     0.0    16.00 C    11.7    -6.5     2.2    63.2    27.2    47.4 -99.000   0.247 -99.000 -99.000 -99.000     0.6     0.9 -9999.0 -9999.0 -9999.0
54794 20220315  2.623  -70.93   43.17    10.6     0.3     5.4     4.9     1.6     6.83 C    14.1     0.2     5.4    89.4    42.8    60.2   0.300   0.232 -99.000 -99.000 -99.000     1.5     1.7 -9999.0 -9999.0 -9999.0
54794 20220316  2.623  -70.93   43.17    10.0    -1.3     4.4     4.0     0.2    14.29 C    16.7    -2.3     5.1    91.6    57.3    79.9   0.302   0.236 -99.000 -99.000 -99.000     3.2     3.1 -9999.0 -9999.0 -9999.0
54794 20220317  2.623  -70.93   43.17    14.0    -1.8     6.1     6.0     0.4    10.24 C    18.2    -3.1     6.3    91.2    52.5    82.6   0.295   0.233 -99.000 -99.000 -99.000     4.0     3.7 -9999.0 -9999.0 -9999.0
54794 20220318  2.623  -70.93   43.17    22.5     2.3    12.4    11.5     0.0    15.27 C    28.6     2.2    13.1    93.2    33.2    71.3   0.290   0.230 -99.000 -99.000 -99.000     6.5     5.7 -9999.0 -9999.0 -9999.0
54794 20220319  2.623  -70.93   43.17     9.0     5.4     7.2     6.8     9.4     1.81 C     8.5     5.0     6.6    91.7    73.2    87.3   0.307   0.250 -99.000 -99.000 -99.000     6.2     5.8 -9999.0 -9999.0 -9999.0
54794 20220320  2.623  -70.93   43.17    16.7     1.3     9.0     8.3     0.0    11.74 C    21.9     0.7     9.1    93.7    43.1    70.9   0.309   0.252 -99.000 -99.000 -99.000     6.6     6.0 -9999.0 -9999.0 -9999.0
54794 20220321  2.623  -70.93   43.17    12.8     2.8     7.8     7.6     0.0    18.66 C    16.6     2.1     8.5    62.0    19.5    38.4   0.293   0.234 -99.000 -99.000 -99.000     6.3     6.0 -9999.0 -9999.0 -9999.0
54794 20220322  2.623  -70.93   43.17     7.8    -2.9     2.4     3.0     0.0    19.75 C    11.8    -3.7     4.0    59.8    19.8    36.1   0.285   0.225 -99.000 -99.000 -99.000     5.0     5.0 -9999.0 -9999.0 -9999.0
54794 20220323  2.623  -70.93   43.17     9.3    -4.4     2.4     2.7     0.0    17.95 C    16.2    -5.1     4.2    67.6    25.1    50.5   0.279   0.220 -99.000 -99.000 -99.000     4.7     4.5 -9999.0 -9999.0 -9999.0
54794 20220324  2.623  -70.93   43.17     5.4     2.2     3.8     3.8    13.6     2.86 C     5.2     1.9     3.5    90.5    68.0    86.2   0.310   0.253 -99.000 -99.000 -99.000     5.0     4.8 -9999.0 -9999.0 -9999.0
54794 20220325  2.623  -70.93   43.17    14.4     1.6     8.0     7.5     8.2    14.18 C    20.1     1.1     8.6    90.3    35.9    68.2   0.321   0.263 -99.000 -99.000 -99.000     6.1     5.5 -9999.0 -9999.0 -9999.0
54794 20220326  2.623  -70.93   43.17    11.5     0.5     6.0     7.3     0.0    12.81 C    16.1    -0.4     8.1    81.3    33.8    54.6   0.297   0.237 -99.000 -99.000 -99.000     6.6     6.3 -9999.0 -9999.0 -9999.0
54794 20220327  2.623  -70.93   43.17     9.4    -0.9     4.3     4.4     0.0    13.26 C    14.2    -1.3     5.3    83.7    36.6    57.2   0.290   0.231 -99.000 -99.000 -99.000     5.7     5.6 -9999.0 -9999.0 -9999.0
54794 20220328  2.623  -70.93   43.17    -0.5    -8.7    -4.6    -5.0     0.0    14.97 C     1.3    -9.2    -4.0    56.9    32.5    41.1   0.284   0.225 -99.000 -99.000 -99.000     3.6     4.1 -9999.0 -9999.0 -9999.0
54794 20220329  2.623  -70.93   43.17     1.7    -8.6    -3.4    -3.1     0.0    21.15 C     5.3    -9.1    -1.9    51.8    27.8    38.3   0.278   0.220 -99.000 -99.000 -99.000     2.2     2.7 -9999.0 -9999.0 -9999.0
54794 20220330  2.623  -70.93   43.17     8.7    -3.5     2.6     2.7     0.0    20.31 C    14.3    -4.2     4.3    48.2    17.3    30.6   0.274   0.216 -99.000 -99.000 -99.000     3.3     3.2 -9999.0 -9999.0 -9999.0
54794 20220331  2.623  -70.93   43.17    17.0     1.7     9.3     7.3     3.5     3.98 C    15.7     1.3     7.5    87.6    30.0    67.9   0.273   0.215 -99.000 -99.000 -99.000     5.0     4.6 -9999.0 -9999.0 -9999.0
54794 20220401  2.623  -70.93   43.17    13.7     3.5     8.6     9.6     9.5     6.90 C    14.7     3.0     9.7    93.3    48.3    72.9   0.312   0.254 -99.000 -99.000 -99.000     7.1     6.4 -9999.0 -9999.0 -9999.0
54794 20220402  2.623  -70.93   43.17     9.9    -1.7     4.1     4.5     0.0    21.83 C    13.7    -2.2     5.7    63.3    18.1    38.3   0.296   0.238 -99.000 -99.000 -99.000     6.1     5.9 -9999.0 -9999.0 -9999.0
54794 20220403  2.623  -70.93   43.17     8.3    -2.6     2.8     3.2     0.5    13.17 C    12.7    -3.3     4.0    81.1    41.0    57.6   0.290   0.228 -99.000 -99.000 -99.000     5.6     5.4 -9999.0 -9999.0 -9999.0
54794 20220404  2.623  -70.93   43.17    13.0     1.5     7.2     6.7     0.7    21.68 C    17.4     1.0     8.0    88.4    16.9    49.8   0.287   0.225 -99.000 -99.000 -99.000     6.7     6.3 -9999.0 -9999.0 -9999.0
54794 20220405  2.623  -70.93   43.17    15.7     0.2     7.9     7.4     0.0    21.00 C    21.4    -0.2     9.0    76.9    21.0    46.8   0.277   0.217 -99.000 -99.000 -99.000     7.1     6.7 -9999.0 -9999.0 -9999.0
54794 20220406  2.623  -70.93   43.17    10.5     0.6     5.5     6.2     0.0     8.90 C    12.4     0.3     6.4    81.8    44.2    62.1   0.271   0.212 -99.000 -99.000 -99.000     6.7     6.5 -9999.0 -9999.0 -9999.0
54794 20220407  2.623  -70.93   43.17     9.7     0.8     5.2     5.9     0.2     7.94 C    11.8     0.5     6.1    82.3    44.9    63.8   0.269   0.209 -99.000 -99.000 -99.000     6.3     6.1 -9999.0 -9999.0 -9999.0
54794 20220408  2.623  -70.93   43.17    14.5     2.5     8.5     8.8    31.6    10.43 C    18.5     1.1     9.2    91.3    45.7    78.9   0.324   0.262 -99.000 -99.000 -99.000     7.4     6.9 -9999.0 -9999.0 -9999.0
54794 20220409  2.623  -70.93   43.17    10.2     0.7     5.5     5.5    10.7     5.16 C    12.5     0.1     5.2    93.0    70.2    86.3   0.310   0.253 -99.000 -99.000 -99.000     6.7     6.5 -9999.0 -9999.0 -9999.0
54794 20220410  2.623  -70.93   43.17    11.7     1.1     6.4     6.8     0.0    20.76 C    17.0     0.3     8.0    88.1    36.7    59.5   0.299   0.243 -99.000 -99.000 -99.000     7.1     6.7 -9999.0 -9999.0 -9999.0
54794 20220411  2.623  -70.93   43.17    16.8     3.0     9.9     9.6     0.0    23.15 C    21.6     2.3    11.3    60.1    22.9    42.8   0.284   0.228 -99.000 -99.000 -99.000     8.2     7.6 -9999.0 -9999.0 -9999.0
54794 20220412  2.623  -70.93   43.17    19.8     6.5    13.1    11.2     4.6    12.08 C    23.3     5.4    11.5    89.6    27.0    63.4   0.295   0.234 -99.000 -99.000 -99.000     9.2     8.7 -9999.0 -9999.0 -9999.0
54794 20220413  2.623  -70.93   43.17    16.1     3.3     9.7     9.8     0.0     7.55 C    20.4     3.0    10.2    78.3    27.6    53.5   0.293   0.229 -99.000 -99.000 -99.000     8.7     8.4 -9999.0 -9999.0 -9999.0
54794 20220414  2.623  -70.93   43.17     7.8     6.1     6.9     6.9     1.5     3.40 C     8.2     5.6     6.9    91.6    68.9    86.1   0.289   0.225 -99.000 -99.000 -99.000     8.2     7.9 -9999.0 -9999.0 -9999.0
54794 20220415  2.623  -70.93   43.17    18.4     3.1    10.7    12.2     0.5    22.95 C    23.4     2.8    13.2    93.5    12.3    46.1   0.287   0.224 -99.000 -99.000 -99.000     9.3     8.7 -9999.0 -9999.0 -9999.0
54794 20220416  2.623  -70.93   43.17    17.1     4.9    11.0    11.7    10.8     6.44 C    18.2     4.5    11.5    89.0    29.4    52.5   0.291   0.224 -99.000 -99.000 -99.000     9.2     8.9 -9999.0 -9999.0 -9999.0
54794 20220417  2.623  -70.93   43.17     9.2     2.2     5.7     5.8     0.0    21.07 C    14.5     1.4     7.2    88.9    26.0    55.4   0.313   0.250 -99.000 -99.000 -99.000     9.0     8.7 -9999.0 -9999.0 -9999.0
54794 20220418  2.623  -70.93   43.17    11.2    -2.3     4.4     5.7     0.0    24.08 C    16.4    -2.9     7.4    81.7    23.1    55.1   0.293   0.228 -99.000 -99.000 -99.000     8.8     8.5 -9999.0 -9999.0 -9999.0
54794 20220419  2.623  -70.93   43.17    14.7     4.1     9.4     8.1    38.9    10.75 C    16.2     3.3     8.2    89.6    37.6    66.4   0.322   0.257 -99.000 -99.000 -99.000     8.7     8.4 -9999.0 -9999.0 -9999.0
54794 20220420  2.623  -70.93   43.17    11.9     0.3     6.1     7.0     0.0    23.60 C    16.3     0.0     8.3    66.3    25.2    45.9   0.298   0.233 -99.000 -99.000 -99.000     8.6     8.4 -9999.0 -9999.0 -9999.0
54794 20220421  2.623  -70.93   43.17    15.7    -2.1     6.8     7.7     0.0    19.62 C    18.5    -2.7     8.7    84.6    25.3    56.8   0.288   0.220 -99.000 -99.000 -99.000     8.8     8.4 -9999.0 -9999.0 -9999.0
54794 20220422  2.623  -70.93   43.17    15.7     4.6    10.1    11.2     0.0    20.97 C    20.4     3.7    12.2    70.8    25.5    44.1   0.277   0.209 -99.000 -99.000 -99.000     9.8     9.3 -9999.0 -9999.0 -9999.0
54794 20220423  2.623  -70.93   43.17    15.9    -0.3     7.8     9.2     0.0    20.67 C    21.8    -0.5    10.8    75.7    11.2    38.5   0.266   0.200 -99.000 -99.000 -99.000     9.6     9.2 -9999.0 -9999.0 -9999.0
54794 20220424  2.623  -70.93   43.17    11.5     4.4     7.9     7.5     0.0    12.59 C    15.3     3.6     8.5    60.2    24.9    36.2   0.258   0.192 -99.000 -99.000 -99.000     9.6     9.2 -9999.0 -9999.0 -9999.0
54794 20220425  2.623  -70.93   43.17    12.9     3.3     8.1     7.9     0.0    18.56 C    17.3     2.6     9.0    85.9    35.4    58.8   0.251   0.186 -99.000 -99.000 -99.000    10.1     9.5 -9999.0 -9999.0 -9999.0
54794 20220426  2.623  -70.93   43.17    14.0     4.8     9.4    10.2     7.4     5.12 C    15.0     4.4    10.4    92.3    48.3    73.3   0.252   0.185 -99.000 -99.000 -99.000     9.9     9.4 -9999.0 -9999.0 -9999.0
54794 20220427  2.623  -70.93   43.17    13.0     3.6     8.3     8.6     2.3     7.68 C    16.3     3.4     8.9    92.6    48.7    70.1   0.290   0.222 -99.000 -99.000 -99.000    10.1     9.7 -9999.0 -9999.0 -9999.0
54794 20220428  2.623  -70.93   43.17    10.5     2.4     6.5     6.4     0.0    25.86 C    15.2     2.0     7.9    57.4    25.6    39.2   0.273   0.207 -99.000 -99.000 -99.000     9.7     9.3 -9999.0 -9999.0 -9999.0
54794 20220429  2.623  -70.93   43.17    11.8     2.4     7.1     6.4     0.0    24.41 C    17.5     1.4     7.9    59.5    25.8    35.0   0.259   0.193 -99.000 -99.000 -99.000     9.5     9.2 -9999.0 -9999.0 -9999.0
54794 20220430  2.623  -70.93   43.17    15.1     2.6     8.9     8.6     0.0    18.78 C    19.9     1.7     9.9    68.0    27.1    45.3   0.248   0.183 -99.000 -99.000 -99.000     9.8     9.4 -9999.0 -9999.0 -9999.0
54794 20220501  2.623  -70.93   43.17    17.4     1.1     9.3     9.3     0.0    25.45 C    24.4     0.5    11.3    82.9    27.5    57.9   0.237   0.174 -99.000 -99.000 -99.000    10.7    10.0 -9999.0 -9999.0 -9999.0
54794 20220502  2.623  -70.93   43.17    12.0     2.8     7.4     7.8     5.7    14.12 C    16.3     2.1     8.7    90.5    55.1    76.2   0.231   0.168 -99.000 -99.000 -99.000    10.5    10.1 -9999.0 -9999.0 -9999.0
54794 20220503  2.623  -70.93   43.17    14.4     6.8    10.6     9.6     0.4    19.62 C    19.9     6.3    11.0    91.6    49.5    72.4   0.251   0.186 -99.000 -99.000 -99.000    11.7    10.8 -9999.0 -9999.0 -9999.0
54794 20220504  2.623  -70.93   43.17     9.8     6.4     8.1     8.6     8.4     3.39 C    10.4     6.1     8.6    91.9    70.4    89.1   0.269   0.202 -99.000 -99.000 -99.000    10.8    10.5 -9999.0 -9999.0 -9999.0
54794 20220505  2.623  -70.93   43.17    19.3     5.0    12.1    12.8     0.0    24.99 C    24.4     5.1    14.5    93.0    13.8    51.7   0.273   0.210 -99.000 -99.000 -99.000    11.9    11.1 -9999.0 -9999.0 -9999.0
54794 20220506  2.623  -70.93   43.17    18.9     5.6    12.2    12.9     0.0    17.85 C    23.1     5.7    14.1    74.5    23.3    44.2   0.254   0.192 -99.000 -99.000 -99.000    12.4    11.7 -9999.0 -9999.0 -9999.0
54794 20220507  2.623  -70.93   43.17    11.1     3.9     7.5     8.2     0.0    19.79 C    14.0     3.4     8.8    61.5    28.8    40.6   0.241   0.179 -99.000 -99.000 -99.000    11.5    11.0 -9999.0 -9999.0 -9999.0
54794 20220508  2.623  -70.93   43.17    12.0     2.1     7.1     7.7     0.0    23.39 C    16.2     1.2     8.7    66.0    25.0    45.6   0.231   0.169 -99.000 -99.000 -99.000    11.1    10.5 -9999.0 -9999.0 -9999.0
54794 20220509  2.623  -70.93   43.17    15.2     0.6     7.9     8.7     0.0    27.95 C    18.6    -0.1     9.7    75.9    14.1    41.0   0.223   0.161 -99.000 -99.000 -99.000    10.9    10.3 -9999.0 -9999.0 -9999.0
54794 20220510  2.623  -70.93   43.17    16.6     3.5    10.0    10.5     0.0    27.19 C    20.1     2.6    11.5    62.7    21.9    38.6   0.211   0.153 -99.000 -99.000 -99.000    11.4    10.6 -9999.0 -9999.0 -9999.0
54794 20220511  2.623  -70.93   43.17    19.9     3.1    11.5    12.2     0.0    26.94 C    24.3     2.1    13.7    87.8    20.3    55.1   0.197   0.145 -99.000 -99.000 -99.000    12.2    11.2 -9999.0 -9999.0 -9999.0
54794 20220512  2.623  -70.93   43.17    22.4     9.7    16.0    15.4     0.0    25.47 C    28.7     9.7    17.8    92.2    58.6    76.5   0.185   0.137 -99.000 -99.000 -99.000    14.7    13.4 -9999.0 -9999.0 -9999.0
54794 20220513  2.623  -70.93   43.17    26.3    10.5    18.4    19.3     0.0    25.50 C    30.9    10.3    21.1    93.3    50.5    73.0   0.171   0.130 -99.000 -99.000 -99.000    16.2    14.8 -9999.0 -9999.0 -9999.0
54794 20220514  2.623  -70.93   43.17    30.8    15.8    23.3    23.9     0.0    23.57 C    36.5    15.8    25.7    88.3    35.0    61.3   0.155   0.120 -99.000 -99.000 -99.000    17.5    16.0 -9999.0 -9999.0 -9999.0
54794 20220515  2.623  -70.93   43.17    22.6    13.6    18.1    18.9     7.2    12.92 C    27.0    13.4    19.7    91.2    67.0    79.5   0.147   0.115 -99.000 -99.000 -99.000    17.6    16.4 -9999.0 -9999.0 -9999.0
54794 20220516  2.623  -70.93   43.17    21.0    13.0    17.0    15.2     5.3    12.32 C    26.1    12.9    16.1    92.9    70.2    89.0   0.156   0.124 -99.000 -99.000 -99.000    16.9    15.9 -9999.0 -9999.0 -9999.0
54794 20220517  2.623  -70.93   43.17    21.5    12.2    16.8    16.5     0.0    24.80 C    25.5    11.6    17.8    92.0    29.3    54.9   0.171   0.139 -99.000 -99.000 -99.000    16.9    15.9 -9999.0 -9999.0 -9999.0
54794 20220518  2.623  -70.93   43.17    20.1     7.1    13.6    13.8     0.0    27.88 C    25.8     6.5    15.7    71.1    17.1    40.0   0.156   0.125 -99.000 -99.000 -99.000    16.3    15.4 -9999.0 -9999.0 -9999.0
54794 20220519  2.623  -70.93   43.17    13.6     7.9    10.7    10.5     6.3     3.79 C    14.8     7.5    10.7    92.0    56.2    77.8   0.151   0.120 -99.000 -99.000 -99.000    13.9    13.7 -9999.0 -9999.0 -9999.0
54794 20220520  2.623  -70.93   43.17    15.4    10.0    12.7    11.8     0.0    11.69 C    19.3     9.9    12.7    92.3    73.0    86.6   0.168   0.131 -99.000 -99.000 -99.000    14.2    13.6 -9999.0 -9999.0 -9999.0
54794 20220521  2.623  -70.93   43.17    25.9    11.4    18.6    16.4     0.2    20.24 C    32.9    11.3    18.4    92.9    61.3    83.8   0.164   0.128 -99.000 -99.000 -99.000    16.0    14.9 -9999.0 -9999.0 -9999.0
54794 20220522  2.623  -70.93   43.17    28.9    13.8    21.4    20.8    19.4    21.94 C    33.5    13.8    22.8    93.7    47.0    78.0   0.170   0.136 -99.000 -99.000 -99.000    18.0    16.6 -9999.0 -9999.0 -9999.0
54794 20220523  2.623  -70.93   43.17    21.4    12.5    17.0    17.2     0.0    26.78 C    27.9    12.1    19.6    89.9    25.2    51.8   0.224   0.175 -99.000 -99.000 -99.000    18.4    17.3 -9999.0 -9999.0 -9999.0
54794 20220524  2.623  -70.93   43.17    16.7     7.3    12.0    12.0     0.0    27.97 C    23.6     6.9    13.9    88.2    39.7    59.0   0.195   0.151 -99.000 -99.000 -99.000    16.7    16.1 -9999.0 -9999.0 -9999.0
54794 20220525  2.623  -70.93   43.17    20.3     5.3    12.8    13.0     0.0    26.72 C    26.0     4.8    14.9    91.8    44.5    69.2   0.176   0.136 -99.000 -99.000 -99.000    15.9    15.4 -9999.0 -9999.0 -9999.0
54794 20220526  2.623  -70.93   43.17    20.9     8.6    14.7    15.5     0.0    23.57 C    24.8     8.2    16.5    88.6    30.3    58.9   0.160   0.123 -99.000 -99.000 -99.000    15.8    15.2 -9999.0 -9999.0 -9999.0
54794 20220527  2.623  -70.93   43.17    27.3    15.5    21.4    21.6     0.0    16.40 C    30.0    15.1    22.4    76.2    53.8    68.0   0.146   0.112 -99.000 -99.000 -99.000    17.1    16.1 -9999.0 -9999.0 -9999.0
54794 20220528  2.623  -70.93   43.17    25.0    13.0    19.0    19.1    12.2    12.47 C    29.2    12.5    19.7    90.2    59.0    80.8   0.158   0.118 -99.000 -99.000 -99.000    17.8    16.9 -9999.0 -9999.0 -9999.0
54794 20220529  2.623  -70.93   43.17    24.4     9.7    17.1    17.6     0.0    28.20 C    30.8     8.8    19.7    92.1    27.8    59.4   0.178   0.131 -99.000 -99.000 -99.000    17.4    16.6 -9999.0 -9999.0 -9999.0
54794 20220530  2.623  -70.93   43.17    29.7     9.6    19.6    21.3     0.0    26.35 C    34.7     8.9    23.5    91.3    27.4    55.6   0.156   0.115 -99.000 -99.000 -99.000    17.6    16.7 -9999.0 -9999.0 -9999.0
54794 20220531  2.623  -70.93   43.17    21.6    12.2    16.9    15.4     0.0    15.56 C    21.2    12.1    16.5    83.1    57.5    72.4   0.142   0.104 -99.000 -99.000 -99.000    17.5    16.9 -9999.0 -9999.0 -9999.0
54794 20220601  2.623  -70.93   43.17    13.3     9.9    11.6    11.4     3.7     5.73 C    13.5     9.6    11.6    89.0    62.0    81.8   0.140   0.102 -99.000 -99.000 -99.000    15.5    15.3 -9999.0 -9999.0 -9999.0
54794 20220602  2.623  -70.93   43.17    16.4    10.9    13.6    12.9     7.7     8.83 C    18.8    10.6    13.6    91.1    75.0    84.9   0.177   0.139 -99.000 -99.000 -99.000    15.0    14.7 -9999.0 -9999.0 -9999.0
54794 20220603  2.623  -70.93   43.17    14.1    11.0    12.5    12.3    14.7     5.04 C    15.3    11.1    12.6    92.8    86.6    89.9   0.229   0.184 -99.000 -99.000 -99.000    14.6    14.4 -9999.0 -9999.0 -9999.0
54794 20220604  2.623  -70.93   43.17    19.5     8.8    14.1    14.0     0.0    21.20 C    25.3     8.0    15.5    92.5    68.3    83.8   0.227   0.180 -99.000 -99.000 -99.000    15.4    14.8 -9999.0 -9999.0 -9999.0
54794 20220605  2.623  -70.93   43.17    22.7     8.7    15.7    15.5     0.0    26.14 C    28.1     7.2    17.6    91.0    25.9    56.1   0.206   0.162 -99.000 -99.000 -99.000    15.4    14.9 -9999.0 -9999.0 -9999.0
54794 20220606  2.623  -70.93   43.17    25.8     7.6    16.7    16.5     0.0    26.72 C    31.2     7.3    19.0    88.9    25.4    60.4   0.186   0.145 -99.000 -99.000 -99.000    15.7    15.1 -9999.0 -9999.0 -9999.0
54794 20220607  2.623  -70.93   43.17    26.3     9.8    18.0    19.4     0.7    24.28 C    29.4     9.5    21.0    90.3    24.7    57.9   0.169   0.130 -99.000 -99.000 -99.000    16.2    15.6 -9999.0 -9999.0 -9999.0
54794 20220608  2.623  -70.93   43.17    25.4    13.7    19.5    19.1    10.3    19.10 C    30.3    13.2    20.4    89.8    41.2    74.0   0.205   0.155 -99.000 -99.000 -99.000    17.1    16.3 -9999.0 -9999.0 -9999.0
54794 20220609  2.623  -70.93   43.17    24.0    13.0    18.5    16.6    19.8    13.60 C    29.7    12.5    17.4    91.6    60.7    81.8   0.254   0.205 -99.000 -99.000 -99.000    16.5    16.0 -9999.0 -9999.0 -9999.0
54794 20220610  2.623  -70.93   43.17    23.4    11.1    17.3    17.7     0.0    25.16 C    28.0    11.1    19.6    90.2    35.8    62.2   0.247   0.201 -99.000 -99.000 -99.000    16.6    16.0 -9999.0 -9999.0 -9999.0
54794 20220611  2.623  -70.93   43.17    24.5     8.6    16.6    17.4     0.0    24.75 C    31.1     8.5    19.8    91.0    34.5    65.3   0.222   0.178 -99.000 -99.000 -99.000    16.6    16.0 -9999.0 -9999.0 -9999.0
54794 20220612  2.623  -70.93   43.17    25.3     9.9    17.6    19.1     1.4    22.11 C    30.9     9.2    21.0    91.9    36.7    68.1   0.206   0.161 -99.000 -99.000 -99.000    16.8    16.2 -9999.0 -9999.0 -9999.0
54794 20220613  2.623  -70.93   43.17    27.1    16.1    21.6    21.4     7.8    23.81 C    32.8    15.4    23.5    92.2    34.6    68.4   0.230   0.180 -99.000 -99.000 -99.000    18.1    17.2 -9999.0 -9999.0 -9999.0
54794 20220614  2.623  -70.93   43.17    26.1    12.7    19.4    20.0     0.0    26.75 C    32.6    12.2    22.6    81.1    36.1    56.6   0.211   0.164 -99.000 -99.000 -99.000    17.9    17.2 -9999.0 -9999.0 -9999.0
54794 20220615  2.623  -70.93   43.17    23.9    11.7    17.8    18.0     0.0    24.43 C    30.1    10.8    20.0    89.7    49.4    67.0   0.197   0.146 -99.000 -99.000 -99.000    17.7    17.1 -9999.0 -9999.0 -9999.0
54794 20220616  2.623  -70.93   43.17    22.9     9.7    16.3    18.1     0.0    17.76 C    26.7     9.0    19.0    92.1    41.2    67.0   0.188   0.135 -99.000 -99.000 -99.000    16.8    16.4 -9999.0 -9999.0 -9999.0
54794 20220617  2.623  -70.93   43.17    29.3    16.7    23.0    22.5     1.4    22.85 C    34.0    16.2    23.8    85.0    33.0    58.5   0.172   0.124 -99.000 -99.000 -99.000    18.1    17.3 -9999.0 -9999.0 -9999.0
54794 20220618  2.623  -70.93   43.17    19.3    12.7    16.0    15.4     0.0    20.70 C    22.1    12.4    16.7    65.7    47.6    55.9   0.156   0.113 -99.000 -99.000 -99.000    17.2    16.8 -9999.0 -9999.0 -9999.0
54794 20220619  2.623  -70.93   43.17    14.9     9.9    12.4    12.4     0.3     8.63 C    18.1     9.6    13.0    88.9    49.5    67.6   0.149   0.107 -99.000 -99.000 -99.000    15.7    15.5 -9999.0 -9999.0 -9999.0
54794 20220620  2.623  -70.93   43.17    23.8     6.8    15.3    15.3     0.0    29.32 C    29.7     6.1    17.9    91.0    24.8    59.5   0.139   0.100 -99.000 -99.000 -99.000    15.8    15.3 -9999.0 -9999.0 -9999.0
54794 20220621  2.623  -70.93   43.17    20.9     7.0    14.0    14.3     0.0    27.96 C    25.2     6.0    16.0    92.6    52.8    74.5   0.123   0.091 -99.000 -99.000 -99.000    15.8    15.4 -9999.0 -9999.0 -9999.0
54794 20220622  2.623  -70.93   43.17    19.3     9.3    14.3    15.4     0.0    23.58 C    24.5     8.9    16.9    91.2    61.9    76.9   0.111   0.084 -99.000 -99.000 -99.000    16.1    15.6 -9999.0 -9999.0 -9999.0
54794 20220623  2.623  -70.93   43.17    22.1    13.7    17.9    17.5     0.0    25.12 C    28.4    13.7    19.1    91.3    60.9    76.4   0.101   0.078 -99.000 -99.000 -99.000    17.1    16.4 -9999.0 -9999.0 -9999.0
54794 20220624  2.623  -70.93   43.17    26.6    14.4    20.5    19.3     0.0    24.04 C    34.2    14.2    22.1    91.6    48.0    74.2   0.092   0.071 -99.000 -99.000 -99.000    17.6    16.8 -9999.0 -9999.0 -9999.0
54794 20220625  2.623  -70.93   43.17    30.5    13.3    21.9    22.4     0.0    27.24 C    37.3    12.7    25.3    92.4    36.0    65.0   0.081   0.064 -99.000 -99.000 -99.000    18.2    17.3 -9999.0 -9999.0 -9999.0
54794 20220626  2.623  -70.93   43.17    31.1    15.8    23.5    24.1     0.0    27.57 C    36.9    15.3    26.5    91.2    38.9    64.1   0.069   0.056 -99.000 -99.000 -99.000    19.1    18.0 -9999.0 -9999.0 -9999.0
54794 20220627  2.623  -70.93   43.17    24.6    17.4    21.0    22.0     0.0     9.47 C    26.6    16.8    22.3    83.3    58.7    72.4   0.062   0.051 -99.000 -99.000 -99.000    18.7    17.9 -9999.0 -9999.0 -9999.0
54794 20220628  2.623  -70.93   43.17    25.1    12.7    18.9    19.2     0.0    23.74 C    31.6    12.2    22.1    88.9    37.0    62.2   0.060   0.046 -99.000 -99.000 -99.000    18.2    17.4 -9999.0 -9999.0 -9999.0
54794 20220629  2.623  -70.93   43.17    27.3    11.5    19.4    19.7     1.6    23.67 C    32.4    10.7    21.6    91.7    35.7    68.1   0.055   0.040 -99.000 -99.000 -99.000    17.9    17.1 -9999.0 -9999.0 -9999.0
54794 20220630  2.623  -70.93   43.17    25.4    13.3    19.4    19.2     0.0    28.04 C    32.3    12.7    21.7    91.3    31.2    60.9   0.054   0.035 -99.000 -99.000 -99.000    18.3    17.4 -9999.0 -9999.0 -9999.0
54794 20220701  2.623  -70.93   43.17    31.9    12.9    22.4    24.0     0.0    24.51 C    37.0    12.5    25.9    89.4    29.9    61.0   0.050   0.030 -99.000 -99.000 -99.000    18.8    17.7 -9999.0 -9999.0 -9999.0
54794 20220702  2.623  -70.93   43.17    29.4    19.0    24.2    23.9     1.9    16.62 C    34.9    18.6    25.1    85.3    44.1    71.4   0.047   0.026 -99.000 -99.000 -99.000    20.1    18.8 -9999.0 -9999.0 -9999.0
54794 20220703  2.623  -70.93   43.17    28.3    15.6    21.9    21.7     0.0    27.94 C    34.4    14.9    24.1    85.9    24.6    54.2   0.044   0.021 -99.000 -99.000 -99.000    19.7    18.6 -9999.0 -9999.0 -9999.0
54794 20220704  2.623  -70.93   43.17    27.4    11.0    19.2    20.0     0.0    26.56 C    33.7    10.7    22.7    86.7    30.7    55.6   0.040   0.014 -99.000 -99.000 -99.000    18.9    18.0 -9999.0 -9999.0 -9999.0
54794 20220705  2.623  -70.93   43.17    25.1    14.3    19.7    18.9    12.3    10.48 C    31.5    14.1    19.9    90.7    44.5    77.0   0.038   0.012 -99.000 -99.000 -99.000    18.3    17.7 -9999.0 -9999.0 -9999.0
54794 20220706  2.623  -70.93   43.17    25.9    14.5    20.2    21.2     0.0    22.14 C    31.7    14.2    23.1    90.1    44.9    71.2   0.057   0.017 -99.000 -99.000 -99.000    19.6    18.6 -9999.0 -9999.0 -9999.0
54794 20220707  2.623  -70.93   43.17    26.1    13.9    20.0    20.2     0.0    20.15 C    33.4    13.8    22.5    89.4    42.4    65.4   0.059   0.025 -99.000 -99.000 -99.000    19.0    18.2 -9999.0 -9999.0 -9999.0
54794 20220708  2.623  -70.93   43.17    28.8    15.7    22.3    22.5     0.0    26.41 C    35.6    15.5    25.0    80.7    34.0    58.1   0.054   0.028 -99.000 -99.000 -99.000    19.5    18.6 -9999.0 -9999.0 -9999.0
54794 20220709  2.623  -70.93   43.17    25.2    12.1    18.7    19.6     0.0    27.14 C    32.8    11.7    22.2    88.0    35.2    60.2   0.048   0.023 -99.000 -99.000 -99.000    19.4    18.7 -9999.0 -9999.0 -9999.0
54794 20220710  2.623  -70.93   43.17    26.3     9.3    17.8    18.1     0.0    27.19 C    33.5     8.6    20.8    89.2    28.3    58.2   0.042   0.017 -99.000 -99.000 -99.000    18.2    17.7 -9999.0 -9999.0 -9999.0
54794 20220711  2.623  -70.93   43.17    29.5     9.8    19.6    21.3     0.0    25.41 C    34.6     9.2    23.5    90.4    29.1    58.3   0.038   0.013 -99.000 -99.000 -99.000    18.5    17.8 -9999.0 -9999.0 -9999.0
54794 20220712  2.623  -70.93   43.17    31.5    17.7    24.6    23.3    18.4    20.06 C    34.8    17.3    24.3    91.3    40.3    66.0   0.042   0.025 -99.000 -99.000 -99.000    20.0    18.8 -9999.0 -9999.0 -9999.0
54794 20220713  2.623  -70.93   43.17    29.0    17.1    23.1    22.7     0.0    27.03 C    35.0    17.1    25.5    92.3    35.9    67.6   0.074   0.085 -99.000 -99.000 -99.000    20.6    19.5 -9999.0 -9999.0 -9999.0
54794 20220714  2.623  -70.93   43.17    27.5    15.4    21.4    21.0     5.9    20.52 C    33.7    14.6    23.2    92.3    51.9    79.6   0.081   0.078 -99.000 -99.000 -99.000    20.5    19.6 -9999.0 -9999.0 -9999.0
54794 20220715  2.623  -70.93   43.17    27.9    13.5    20.7    20.7     0.0    27.08 C    35.1    13.0    23.6    92.3    28.3    61.1   0.083   0.074 -99.000 -99.000 -99.000    19.8    19.1 -9999.0 -9999.0 -9999.0
54794 20220716  2.623  -70.93   43.17    27.5    12.9    20.2    20.9     0.0    17.59 C    32.6    12.6    22.7    90.8    44.3    70.4   0.073   0.066 -99.000 -99.000 -99.000    19.3    18.7 -9999.0 -9999.0 -9999.0
54794 20220717  2.623  -70.93   43.17    30.7    14.8    22.7    23.2     0.0    24.41 C    36.5    14.4    25.5    91.8    41.8    69.5   0.064   0.058 -99.000 -99.000 -99.000    20.2    19.3 -9999.0 -9999.0 -9999.0
54794 20220718  2.623  -70.93   43.17    27.1    18.1    22.6    22.7     9.7     8.39 C    30.4    17.8    23.1    91.1    63.8    85.2   0.066   0.051 -99.000 -99.000 -99.000    20.4    19.6 -9999.0 -9999.0 -9999.0
54794 20220719  2.623  -70.93   43.17    31.7    21.3    26.5    26.2     2.4    25.76 C    36.3    20.9    28.0    89.6    39.8    63.2   0.097   0.067 -99.000 -99.000 -99.000    21.9    20.8 -9999.0 -9999.0 -9999.0
54794 20220720  2.623  -70.93   43.17    33.1    19.1    26.1    26.6     0.0    24.64 C    39.0    19.0    29.4    90.0    40.5    66.4   0.082   0.062 -99.000 -99.000 -99.000    22.4    21.3 -9999.0 -9999.0 -9999.0
54794 20220721  2.623  -70.93   43.17    33.3    19.6    26.4    25.4     2.5    20.35 C    36.9    19.4    26.4    93.1    45.5    75.4   0.074   0.053 -99.000 -99.000 -99.000    22.5    21.5 -9999.0 -9999.0 -9999.0
54794 20220722  2.623  -70.93   43.17    32.3    18.5    25.4    25.5     0.0    25.59 C    37.4    18.0    27.8    91.3    36.5    63.6   0.070   0.044 -99.000 -99.000 -99.000    22.3    21.4 -9999.0 -9999.0 -9999.0
54794 20220723  2.623  -70.93   43.17    33.7    18.2    26.0    26.1     0.0    26.31 C    39.8    18.3    28.9    89.0    28.0    59.0   0.059   0.034 -99.000 -99.000 -99.000    22.4    21.5 -9999.0 -9999.0 -9999.0
54794 20220724  2.623  -70.93   43.17    35.4    17.6    26.5    28.0     0.0    25.02 C    38.9    17.4    29.9    88.4    27.7    53.7   0.049   0.025 -99.000 -99.000 -99.000    22.5    21.6 -9999.0 -9999.0 -9999.0
54794 20220725  2.623  -70.93   43.17    27.0    17.4    22.2    23.7    13.3     6.73 C    31.0    16.9    23.9    89.8    54.1    76.8   0.054   0.022 -99.000 -99.000 -99.000    22.2    21.5 -9999.0 -9999.0 -9999.0
54794 20220726  2.623  -70.93   43.17    27.1    14.0    20.5    20.7     0.0    23.33 C    33.4    13.9    23.4    90.6    42.2    66.6   0.074   0.028 -99.000 -99.000 -99.000    21.0    20.5 -9999.0 -9999.0 -9999.0
54794 20220727  2.623  -70.93   43.17    27.3    12.5    19.9    20.1     0.0    21.72 C    33.3    11.9    22.3    92.1    42.0    68.0   0.066   0.029 -99.000 -99.000 -99.000    20.1    19.7 -9999.0 -9999.0 -9999.0
54794 20220728  2.623  -70.93   43.17    30.0    14.3    22.1    22.6     1.2    20.88 C    34.4    13.9    24.3    90.8    50.3    75.1   0.059   0.025 -99.000 -99.000 -99.000    20.6    19.9 -9999.0 -9999.0 -9999.0
54794 20220729  2.623  -70.93   43.17    30.4    18.6    24.5    24.2     0.0    24.02 C    35.2    18.3    26.1    93.2    35.5    65.3   0.054   0.022 -99.000 -99.000 -99.000    21.6    20.8 -9999.0 -9999.0 -9999.0
54794 20220730  2.623  -70.93   43.17    27.9    18.4    23.1    23.0     0.0    23.99 C    33.7    17.8    25.1    78.2    37.4    55.3   0.048   0.024 -99.000 -99.000 -99.000    21.4    20.7 -9999.0 -9999.0 -9999.0
54794 20220731  2.623  -70.93   43.17    29.7    15.2    22.4    22.5     0.0    24.21 C    35.0    15.0    25.0    84.0    36.6    60.8   0.042   0.016 -99.000 -99.000 -99.000    20.9    20.3 -9999.0 -9999.0 -9999.0
54794 20220801  2.623  -70.93   43.17    30.0    16.5    23.2    22.5     0.0    19.94 C    36.2    16.6    24.1    89.8    38.0    69.6   0.038   0.010 -99.000 -99.000 -99.000    21.2    20.5 -9999.0 -9999.0 -9999.0
54794 20220802  2.623  -70.93   43.17    31.7    15.2    23.4    24.1     0.0    20.83 C    36.2    14.8    25.9    93.2    39.9    67.3   0.034   0.010 -99.000 -99.000 -99.000    21.4    20.6 -9999.0 -9999.0 -9999.0
54794 20220803  2.623  -70.93   43.17    28.7    17.2    22.9    22.9     0.0    23.19 C    33.4    16.8    25.1    89.5    43.6    64.2   0.031   0.008 -99.000 -99.000 -99.000    21.9    21.1 -9999.0 -9999.0 -9999.0
54794 20220804  2.623  -70.93   43.17    36.3    15.0    25.7    25.9     0.0    24.52 C    41.0    14.8    28.0    92.6    29.5    61.4   0.029   0.009 -99.000 -99.000 -99.000    22.1    21.1 -9999.0 -9999.0 -9999.0
54794 20220805  2.623  -70.93   43.17    33.5    20.9    27.2    26.3     0.0    17.71 C    40.6    21.0    28.6    89.5    44.1    68.1   0.027   0.009 -99.000 -99.000 -99.000    23.3    22.1 -9999.0 -9999.0 -9999.0
54794 20220806  2.623  -70.93   43.17    33.4    20.9    27.1    25.8     9.9    19.44 C    38.6    20.6    27.6    93.0    49.1    76.7   0.027   0.012 -99.000 -99.000 -99.000    23.6    22.4 -9999.0 -9999.0 -9999.0
54794 20220807  2.623  -70.93   43.17    33.1    21.8    27.4    25.9     5.3    16.92 C    37.9    21.6    27.3    90.7    47.5    77.7   0.036   0.038 -99.000 -99.000 -99.000    23.8    22.7 -9999.0 -9999.0 -9999.0
54794 20220808  2.623  -70.93   43.17    35.2    20.5    27.8    26.7     0.6    21.61 C    39.5    20.2    28.6    92.6    39.6    70.6   0.048   0.035 -99.000 -99.000 -99.000    24.1    23.1 -9999.0 -9999.0 -9999.0
54794 20220809  2.623  -70.93   43.17    31.7    19.0    25.4    24.3     0.0    13.90 C    36.6    19.0    25.5    91.5    51.8    76.6   0.048   0.037 -99.000 -99.000 -99.000    23.8    22.9 -9999.0 -9999.0 -9999.0
54794 20220810  2.623  -70.93   43.17    23.6    15.8    19.7    19.5     0.2    12.68 C    29.2    15.9    20.8    89.5    63.8    77.4   0.047   0.034 -99.000 -99.000 -99.000    21.9    21.6 -9999.0 -9999.0 -9999.0
54794 20220811  2.623  -70.93   43.17    25.4    15.2    20.3    20.4     0.0    15.65 C    30.6    15.0    22.0    91.8    61.6    79.6   0.044   0.028 -99.000 -99.000 -99.000    21.2    20.7 -9999.0 -9999.0 -9999.0
54794 20220812  2.623  -70.93   43.17    26.2    14.7    20.4    20.2     0.0    24.61 C    32.4    14.3    22.4    91.7    34.8    61.4   0.040   0.026 -99.000 -99.000 -99.000    20.8    20.4 -9999.0 -9999.0 -9999.0
54794 20220813  2.623  -70.93   43.17    25.8    13.4    19.6    18.5     0.0    16.71 C    32.3    13.2    19.9    82.5    36.8    62.6   0.036   0.019 -99.000 -99.000 -99.000    19.9    19.7 -9999.0 -9999.0 -9999.0
54794 20220814  2.623  -70.93   43.17    28.2    12.6    20.4    19.8     0.0    22.11 C    36.6    12.4    22.2    89.9    29.9    61.7   0.033   0.007 -99.000 -99.000 -99.000    19.7    19.5 -9999.0 -9999.0 -9999.0
54794 20220815  2.623  -70.93   43.17    28.2    12.1    20.1    20.1     0.0    23.86 C    33.5    11.3    22.1    91.3    32.1    62.3   0.030   0.010 -99.000 -99.000 -99.000    19.9    19.6 -9999.0 -9999.0 -9999.0
54794 20220816  2.623  -70.93   43.17    26.9    12.0    19.5    19.8     0.0    23.21 C    30.7    11.9    21.2    89.8    32.2    61.7   0.027   0.008 -99.000 -99.000 -99.000    19.9    19.6 -9999.0 -9999.0 -9999.0
54794 20220817  2.623  -70.93   43.17    21.8    16.2    19.0    18.2     4.2     6.86 C    23.6    15.7    18.2    88.3    52.9    75.8   0.025   0.008 -99.000 -99.000 -99.000    19.3    19.1 -9999.0 -9999.0 -9999.0
54794 20220818  2.623  -70.93   43.17    23.5    15.1    19.3    19.0     1.9    11.56 C    27.2    14.7    19.7    89.0    48.6    70.7   0.027   0.008 -99.000 -99.000 -99.000    19.1    18.8 -9999.0 -9999.0 -9999.0
54794 20220819  2.623  -70.93   43.17    31.4    15.0    23.2    23.0     0.0    23.33 C    37.6    15.4    25.1    85.5    25.0    54.6   0.028   0.009 -99.000 -99.000 -99.000    20.1    19.5 -9999.0 -9999.0 -9999.0
54794 20220820  2.623  -70.93   43.17    31.9    14.4    23.2    22.6     0.0    22.14 C    36.9    14.0    24.8    89.3    32.1    65.1   0.029   0.009 -99.000 -99.000 -99.000    20.7    20.0 -9999.0 -9999.0 -9999.0
54794 20220821  2.623  -70.93   43.17    31.0    15.9    23.4    22.7     0.0    20.76 C    35.6    15.5    24.4    92.5    29.6    67.6   0.028   0.009 -99.000 -99.000 -99.000    21.2    20.5 -9999.0 -9999.0 -9999.0
54794 20220822  2.623  -70.93   43.17    24.1    15.5    19.8    19.4    30.0     4.19 C    26.3    14.9    19.4    92.0    70.9    88.8   0.039   0.046 -99.000 -99.000 -99.000    20.0    19.7 -9999.0 -9999.0 -9999.0
54794 20220823  2.623  -70.93   43.17    25.8    19.1    22.5    21.4     0.2    14.73 C    31.0    18.9    22.8    92.2    62.9    81.7   0.125   0.129 -99.000 -99.000 -99.000    20.8    20.2 -9999.0 -9999.0 -9999.0
54794 20220824  2.623  -70.93   43.17    26.9    17.3    22.1    21.5     2.2    13.43 C    33.6    16.8    22.8    92.7    61.1    84.1   0.128   0.115 -99.000 -99.000 -99.000    21.3    20.7 -9999.0 -9999.0 -9999.0
54794 20220825  2.623  -70.93   43.17    30.8    16.2    23.5    22.2     0.0    19.52 C    38.0    15.6    24.4    93.3    34.4    72.6   0.123   0.106 -99.000 -99.000 -99.000    21.0    20.5 -9999.0 -9999.0 -9999.0
54794 20220826  2.623  -70.93   43.17    27.4    17.1    22.3    20.1     5.7    14.44 C    32.7    16.8    21.2    92.7    61.0    84.4   0.120   0.098 -99.000 -99.000 -99.000    20.9    20.5 -9999.0 -9999.0 -9999.0
54794 20220827  2.623  -70.93   43.17    23.9    14.8    19.4    19.4     0.0    16.21 C    28.8    14.2    20.9    93.2    67.5    83.1   0.125   0.102 -99.000 -99.000 -99.000    20.6    20.3 -9999.0 -9999.0 -9999.0
54794 20220828  2.623  -70.93   43.17    25.2    13.5    19.3    18.8     0.0    18.03 C    30.8    13.2    20.3    93.4    53.7    79.0   0.119   0.096 -99.000 -99.000 -99.000    19.9    19.7 -9999.0 -9999.0 -9999.0
54794 20220829  2.623  -70.93   43.17    31.1    13.0    22.1    22.9     0.0    20.04 C    35.5    12.8    24.4    93.1    46.6    72.0   0.110   0.088 -99.000 -99.000 -99.000    20.4    19.9 -9999.0 -9999.0 -9999.0
54794 20220830  2.623  -70.93   43.17    33.1    19.9    26.5    26.0     0.0    20.38 C    37.1    19.7    27.3    88.2    40.7    66.9   0.099   0.079 -99.000 -99.000 -99.000    22.0    21.3 -9999.0 -9999.0 -9999.0
54794 20220831  2.623  -70.93   43.17    27.5    14.3    20.9    21.3    11.8    18.49 C    33.1    14.2    22.7    90.8    35.9    69.1   0.114   0.091 -99.000 -99.000 -99.000    21.6    21.2 -9999.0 -9999.0 -9999.0
54794 20220901  2.623  -70.93   43.17    23.3    11.0    17.2    17.8     0.0    20.54 C    28.0    10.6    19.4    81.0    40.1    57.7   0.118   0.093 -99.000 -99.000 -99.000    19.7    19.7 -9999.0 -9999.0 -9999.0
54794 20220902  2.623  -70.93   43.17    22.3     7.2    14.7    14.6     0.0    22.03 C    28.9     6.2    16.8    91.3    35.5    65.2   0.108   0.084 -99.000 -99.000 -99.000    17.9    18.1 -9999.0 -9999.0 -9999.0
54794 20220903  2.623  -70.93   43.17 -9999.0 -9999.0 -9999.0 -9999.0     0.0 -9999.00 U -9999.0 -9999.0 -9999.0 -9999.0 -9999.0 -9999.0 -99.000 -99.000 -99.000 -99.000 -99.000 -9999.0 -9999.0 -9999.0 -9999.0 -9999.0
54794 20220904  2.623  -70.93   43.17    29.0    10.8    19.9    19.8     0.0    18.93 C    40.7     9.9    22.7    92.5    49.5    75.7   0.090   0.071 -99.000 -99.000 -99.000    18.7    18.3 -9999.0 -9999.0 -9999.0
54794 20220905  2.623  -70.93   43.17    19.4    14.7    17.0    16.1    45.4     2.24 C    19.0    14.8    16.4    91.3    87.0    89.6   0.202   0.191 -99.000 -99.000 -99.000    18.5    18.4 -9999.0 -9999.0 -9999.0
54794 20220906  2.623  -70.93   43.17    16.5    14.8    15.6    15.4     7.9     1.53 C    17.4    14.9    15.6    91.4    88.5    90.2   0.256   0.228 -99.000 -99.000 -99.000    17.6    17.5 -9999.0 -9999.0 -9999.0
54794 20220907  2.623  -70.93   43.17    20.9    12.1    16.5    16.9     0.0    11.52 C    29.5    10.3    18.0    92.5    60.8    81.4   0.226   0.193 -99.000 -99.000 -99.000    17.8    17.6 -9999.0 -9999.0 -9999.0
54794 20220908  2.623  -70.93   43.17    22.4     9.7    16.0    15.3     0.0    20.39 C    33.1     8.4    17.6    93.3    43.1    77.9   0.207   0.172 -99.000 -99.000 -99.000    17.4    17.3 -9999.0 -9999.0 -9999.0
54794 20220909  2.623  -70.93   43.17    26.4     9.6    18.0    17.6     0.0    19.88 C    35.8     8.4    20.0    92.9    45.2    76.5   0.194   0.155 -99.000 -99.000 -99.000    17.4    17.3 -9999.0 -9999.0 -9999.0
54794 20220910  2.623  -70.93   43.17    28.2    13.7    20.9    20.2     0.0    18.80 C    37.4    12.1    22.2    92.7    44.7    74.6   0.182   0.142 -99.000 -99.000 -99.000    18.3    18.0 -9999.0 -9999.0 -9999.0
54794 20220911  2.623  -70.93   43.17    25.1    15.4    20.3    20.4     0.0     9.05 C    31.2    14.6    21.4    92.4    59.8    80.9   0.174   0.134 -99.000 -99.000 -99.000    18.8    18.4 -9999.0 -9999.0 -9999.0
54794 20220912  2.623  -70.93   43.17    27.1    16.0    21.5    20.8     0.0    18.58 C    39.5    14.6    23.3    92.1    51.7    76.5   0.166   0.127 -99.000 -99.000 -99.000    19.6    19.1 -9999.0 -9999.0 -9999.0
54794 20220913  2.623  -70.93   43.17    23.4    15.7    19.5    19.2     0.9     6.60 C    32.8    14.6    20.5    97.1    71.0    89.2   0.160   0.120 -99.000 -99.000 -99.000    19.3    19.0 -9999.0 -9999.0 -9999.0
54794 20220914  2.623  -70.93   43.17    25.5    14.0    19.7    19.5     0.0    18.56 C    32.6    12.4    20.3    91.3    43.2    69.6   0.156   0.116 -99.000 -99.000 -99.000    19.1    18.8 -9999.0 -9999.0 -9999.0
54794 20220915  2.623  -70.93   43.17    18.8     9.7    14.2    15.0     0.0    20.82 C    27.5     7.0    16.0    72.0    31.9    48.7   0.148   0.109 -99.000 -99.000 -99.000    17.7    17.8 -9999.0 -9999.0 -9999.0
54794 20220916  2.623  -70.93   43.17    20.4     6.7    13.6    13.3     0.0    16.83 C    29.3     4.3    14.4    87.9    35.1    58.3   0.140   0.102 -99.000 -99.000 -99.000    16.2    16.4 -9999.0 -9999.0 -9999.0
54794 20220917  2.623  -70.93   43.17    20.4     4.6    12.5    12.1     0.0    20.00 C    29.7     2.4    13.9    91.3    35.7    68.4   0.132   0.096 -99.000 -99.000 -99.000    15.2    15.5 -9999.0 -9999.0 -9999.0
54794 20220918  2.623  -70.93   43.17    26.6     8.7    17.6    17.7     3.0    12.74 C    34.9     7.8    18.8    91.4    52.9    77.4   0.126   0.092 -99.000 -99.000 -99.000    16.3    16.1 -9999.0 -9999.0 -9999.0
54794 20220919  2.623  -70.93   43.17    15.2    12.4    13.8    13.5    22.3     3.76 C    18.5    12.8    14.3    91.6    76.1    87.9   0.147   0.101 -99.000 -99.000 -99.000    16.5    16.4 -9999.0 -9999.0 -9999.0
54794 20220920  2.623  -70.93   43.17    15.8    12.6    14.2    13.6     0.0     5.43 C    18.7    12.2    14.7    91.1    75.7    85.4   0.223   0.182 -99.000 -99.000 -99.000    16.0    15.9 -9999.0 -9999.0 -9999.0
54794 20220921  2.623  -70.93   43.17    20.2    11.0    15.6    14.6     0.0    11.16 C    27.3    10.2    16.0    93.0    59.1    80.8   0.205   0.164 -99.000 -99.000 -99.000    16.1    16.0 -9999.0 -9999.0 -9999.0
54794 20220922  2.623  -70.93   43.17    19.3    10.4    14.8    15.0    34.3     2.12 C    19.8     8.9    14.7    93.2    77.7    87.9   0.253   0.212 -99.000 -99.000 -99.000    16.1    16.0 -9999.0 -9999.0 -9999.0
54794 20220923  2.623  -70.93   43.17    14.3     7.2    10.8    10.3     0.0    18.26 C    21.8     5.7    11.3    80.4    49.1    62.6   0.246   0.209 -99.000 -99.000 -99.000    14.9    15.1 -9999.0 -9999.0 -9999.0
54794 20220924  2.623  -70.93   43.17    18.0     7.3    12.6    11.9     0.0    19.05 C    24.6     5.6    12.6    85.4    36.3    55.4   0.226   0.188 -99.000 -99.000 -99.000    14.2    14.4 -9999.0 -9999.0 -9999.0
54794 20220925  2.623  -70.93   43.17    19.0     4.6    11.8    12.4     0.2    10.41 C    26.5     3.4    13.1    92.6    55.1    79.7   0.216   0.176 -99.000 -99.000 -99.000    13.8    14.0 -9999.0 -9999.0 -9999.0
54794 20220926  2.623  -70.93   43.17    21.9    11.1    16.5    16.6     4.4    13.20 C    29.0     9.9    17.1    93.2    49.5    78.3   0.212   0.171 -99.000 -99.000 -99.000    15.3    15.1 -9999.0 -9999.0 -9999.0
54794 20220927  2.623  -70.93   43.17    21.5     8.1    14.8    14.3     0.0    15.28 C    27.6     7.0    15.0    99.2    37.0    76.3   0.214   0.173 -99.000 -99.000 -99.000    15.1    15.1 -9999.0 -9999.0 -9999.0
54794 20220928  2.623  -70.93   43.17    20.1     7.1    13.6    13.7     0.0    16.42 C    27.5     5.7    14.6    92.2    47.4    73.7   0.205   0.164 -99.000 -99.000 -99.000    14.5    14.6 -9999.0 -9999.0 -9999.0
54794 20220929  2.623  -70.93   43.17    17.5     5.4    11.5    12.1     0.0    15.58 C    25.3     3.9    13.0    88.3    47.0    69.0   0.198   0.156 -99.000 -99.000 -99.000    14.3    14.5 -9999.0 -9999.0 -9999.0
54794 20220930  2.623  -70.93   43.17    16.0     3.1     9.5     8.9     0.0    15.07 C    24.7     1.6    10.1    92.0    39.6    74.4   0.191   0.149 -99.000 -99.000 -99.000    12.9    13.3 -9999.0 -9999.0 -9999.0
54794 20221001  2.623  -70.93   43.17    14.7     2.7     8.7     9.3     0.0     4.87 C    19.6     2.2     9.6    93.0    61.9    84.8   0.188   0.144 -99.000 -99.000 -99.000    12.3    12.7 -9999.0 -9999.0 -9999.0
54794 20221002  2.623  -70.93   43.17    12.9     3.7     8.3     9.3     0.0    10.74 C    18.3     1.4     9.3    89.2    33.6    59.6   0.185   0.141 -99.000 -99.000 -99.000    12.5    12.7 -9999.0 -9999.0 -9999.0
54794 20221003  2.623  -70.93   43.17    13.2     2.3     7.7     7.4     0.0    14.35 C    21.3     0.9     8.3    87.4    46.1    68.7   0.179   0.136 -99.000 -99.000 -99.000    11.4    11.8 -9999.0 -9999.0 -9999.0
54794 20221004  2.623  -70.93   43.17    14.6     4.1     9.3    10.3     0.0    12.99 C    21.1     2.5    11.3    86.4    54.2    73.2   0.173   0.132 -99.000 -99.000 -99.000    11.8    11.9 -9999.0 -9999.0 -9999.0
54794 20221005  2.623  -70.93   43.17    14.4    11.2    12.8    13.0    16.1     2.38 C    14.8    10.8    13.0    91.6    71.5    85.5   0.199   0.150 -99.000 -99.000 -99.000    13.0    12.8 -9999.0 -9999.0 -9999.0
54794 20221006  2.623  -70.93   43.17    22.8     9.7    16.3    15.6     0.3    15.84 C    29.3     8.3    16.7    93.2    45.6    79.8   0.243   0.203 -99.000 -99.000 -99.000    14.1    13.8 -9999.0 -9999.0 -9999.0
54794 20221007  2.623  -70.93   43.17    24.0     8.5    16.2    16.0     0.0    14.56 C    29.7     7.5    16.6    93.2    39.1    68.2   0.219   0.180 -99.000 -99.000 -99.000    14.0    13.9 -9999.0 -9999.0 -9999.0
54794 20221008  2.623  -70.93   43.17    14.0     2.3     8.2     9.1     0.0    16.35 C    20.6     0.9    10.0    83.6    31.6    57.6   0.208   0.167 -99.000 -99.000 -99.000    13.2    13.5 -9999.0 -9999.0 -9999.0
54794 20221009  2.623  -70.93   43.17    15.7    -0.5     7.6     8.2     0.0    12.53 C    21.9    -1.3     8.5    91.2    39.0    66.0   0.198   0.158 -99.000 -99.000 -99.000    11.4    11.9 -9999.0 -9999.0 -9999.0
54794 20221010  2.623  -70.93   43.17    12.5     2.3     7.4     6.6     1.2     4.08 C    17.0     0.6     6.7    93.3    80.4    89.0   0.196   0.153 -99.000 -99.000 -99.000    10.9    11.3 -9999.0 -9999.0 -9999.0
54794 20221011  2.623  -70.93   43.17    16.3     2.5     9.4     7.7     0.0    14.76 C    21.1     1.3     8.7    93.9    36.3    79.1   0.194   0.152 -99.000 -99.000 -99.000    10.7    11.0 -9999.0 -9999.0 -9999.0
54794 20221012  2.623  -70.93   43.17    22.9     2.3    12.6    11.5     0.0    14.45 C    28.0     1.2    11.8    92.8    28.4    74.4   0.188   0.147 -99.000 -99.000 -99.000    10.9    11.1 -9999.0 -9999.0 -9999.0
54794 20221013  2.623  -70.93   43.17    18.9     6.9    12.9    13.5    25.9     3.01 C    22.0     5.0    13.1    90.9    59.1    83.2   0.202   0.159 -99.000 -99.000 -99.000    11.9    11.8 -9999.0 -9999.0 -9999.0
54794 20221014  2.623  -70.93   43.17    19.5     9.2    14.3    16.1    37.9     4.20 C    24.8     7.3    15.9    92.6    78.4    88.4   0.295   0.257 -99.000 -99.000 -99.000    14.4    13.9 -9999.0 -9999.0 -9999.0
54794 20221015  2.623  -70.93   43.17    20.1     6.5    13.3    12.4     0.0    14.51 C    24.8     4.8    12.7    92.9    33.9    76.1   0.257   0.219 -99.000 -99.000 -99.000    13.3    13.3 -9999.0 -9999.0 -9999.0
54794 20221016  2.623  -70.93   43.17    18.6     3.8    11.2    10.5     0.0    13.16 C    24.9     2.8    11.4    93.9    45.1    81.4   0.244   0.206 -99.000 -99.000 -99.000    12.2    12.4 -9999.0 -9999.0 -9999.0
54794 20221017  2.623  -70.93   43.17    12.8     4.4     8.6     9.5    18.2     2.29 C    14.1     3.1     9.8   100.0    87.9    94.1   0.244   0.204 -99.000 -99.000 -99.000    12.0    12.1 -9999.0 -9999.0 -9999.0
54794 20221018  2.623  -70.93   43.17    19.5     5.4    12.4    13.6    11.7     6.87 C    23.6     3.3    13.4    92.9    60.7    83.3   0.283   0.243 -99.000 -99.000 -99.000    13.0    12.9 -9999.0 -9999.0 -9999.0
54794 20221019  2.623  -70.93   43.17    13.4     0.9     7.2     6.9     0.0    14.08 C    19.0    -0.6     6.8    93.5    31.6    67.1   0.255   0.215 -99.000 -99.000 -99.000    10.9    11.4 -9999.0 -9999.0 -9999.0
54794 20221020  2.623  -70.93   43.17    13.7     0.3     7.0     6.3     0.0    14.08 C    17.3    -0.5     6.0    84.4    24.6    61.3   0.244   0.203 -99.000 -99.000 -99.000     9.8    10.3 -9999.0 -9999.0 -9999.0
54794 20221021  2.623  -70.93   43.17    15.9    -1.6     7.2     6.6     0.0    13.80 C    20.7    -2.7     6.6    91.8    25.6    68.3   0.235   0.196 -99.000 -99.000 -99.000     9.0     9.6 -9999.0 -9999.0 -9999.0
54794 20221022  2.623  -70.93   43.17    20.0    -1.1     9.5     8.5     0.0    13.50 C    24.2    -2.0     8.4    92.4    28.7    71.2   0.228   0.191 -99.000 -99.000 -99.000     9.1     9.5 -9999.0 -9999.0 -9999.0
54794 20221023  2.623  -70.93   43.17    16.6     2.9     9.7    10.0     0.9     5.91 C    18.8     1.9    10.0    92.0    52.3    79.5   0.224   0.192 -99.000 -99.000 -99.000     9.9    10.0 -9999.0 -9999.0 -9999.0
54794 20221024  2.623  -70.93   43.17    14.9    10.9    12.9    13.3     2.9     2.09 C    16.1    10.8    13.3    92.7    72.7    89.6   0.229   0.197 -99.000 -99.000 -99.000    11.5    11.3 -9999.0 -9999.0 -9999.0
54794 20221025  2.623  -70.93   43.17    18.4    13.8    16.1    15.9     0.3     3.69 C    20.6    13.7    16.3    93.2    88.1    92.0   0.234   0.200 -99.000 -99.000 -99.000    13.0    12.5 -9999.0 -9999.0 -9999.0
54794 20221026  2.623  -70.93   43.17    16.7    15.3    16.0    15.9     7.6     1.75 C    18.7    14.3    15.9    93.4    91.1    92.6   0.263   0.226 -99.000 -99.000 -99.000    13.9    13.4 -9999.0 -9999.0 -9999.0
54794 20221027  2.623  -70.93   43.17    18.3     2.5    10.4    13.0     0.0    12.70 C    20.8     0.8    12.5    92.8    40.1    67.0   0.262   0.231 -99.000 -99.000 -99.000    13.3    13.3 -9999.0 -9999.0 -9999.0
54794 20221028  2.623  -70.93   43.17    11.8    -1.5     5.1     4.2     0.0    11.85 C    17.0    -2.9     4.6    92.1    34.3    73.0   0.249   0.220 -99.000 -99.000 -99.000    10.0    10.7 -9999.0 -9999.0 -9999.0
54794 20221029  2.623  -70.93   43.17    15.0    -2.3     6.3     5.3     0.0    12.78 C    19.6    -3.8     5.2    92.6    28.8    74.0   0.242   0.211 -99.000 -99.000 -99.000     8.6     9.3 -9999.0 -9999.0 -9999.0
54794 20221030  2.623  -70.93   43.17    19.5    -1.6     8.9     7.0     0.0    12.49 C    22.9    -3.0     6.6    92.7    20.9    68.1   0.236   0.204 -99.000 -99.000 -99.000     8.3     8.9 -9999.0 -9999.0 -9999.0
54794 20221031  2.623  -70.93   43.17    19.5    -0.4     9.5     9.8     0.0    10.44 C    23.8    -1.5     9.5    92.0    44.2    71.2   0.231   0.202 -99.000 -99.000 -99.000     8.7     9.0 -9999.0 -9999.0 -9999.0
54794 20221101  2.623  -70.93   43.17    16.2     8.2    12.2    12.8     0.0     3.45 C    17.4     7.6    12.1    91.7    73.2    85.2   0.230   0.200 -99.000 -99.000 -99.000    10.6    10.5 -9999.0 -9999.0 -9999.0
54794 20221102  2.623  -70.93   43.17    20.1     3.4    11.7    12.2     0.0    11.94 C    24.1     1.0    10.9    90.2    20.6    57.8   0.226   0.200 -99.000 -99.000 -99.000    10.5    10.6 -9999.0 -9999.0 -9999.0
54794 20221103  2.623  -70.93   43.17    18.0     0.0     9.0     8.2     0.0    11.55 C    20.9    -1.3     7.7    87.5    34.2    68.9   0.220   0.197 -99.000 -99.000 -99.000     9.1     9.5 -9999.0 -9999.0 -9999.0
54794 20221104  2.623  -70.93   43.17    21.9     1.9    11.9    12.4     0.0    11.06 C    23.4     0.5    10.9    91.3    33.5    65.8   0.215   0.191 -99.000 -99.000 -99.000     9.4     9.6 -9999.0 -9999.0 -9999.0
54794 20221105  2.623  -70.93   43.17    24.6     8.2    16.4    17.7     0.0     9.20 C    25.7     6.7    16.2    93.6    49.3    72.1   0.217   0.187 -99.000 -99.000 -99.000    11.3    11.0 -9999.0 -9999.0 -9999.0
54794 20221106  2.623  -70.93   43.17    23.9    15.6    19.8    20.7     0.0     6.83 C    24.6    14.0    19.1    85.6    52.3    67.4   0.213   0.183 -99.000 -99.000 -99.000    13.5    12.9 -9999.0 -9999.0 -9999.0
54794 20221107  2.623  -70.93   43.17    22.7    10.7    16.7    18.5     0.0     9.94 C    24.4     8.3    17.1    85.7    13.5    46.0   0.208   0.178 -99.000 -99.000 -99.000    14.0    13.6 -9999.0 -9999.0 -9999.0
54794 20221108  2.623  -70.93   43.17    10.8    -1.0     4.9     7.2     0.0    11.21 C    15.0    -2.8     6.4    64.9    24.6    38.0   0.203   0.171 -99.000 -99.000 -99.000    10.9    11.5 -9999.0 -9999.0 -9999.0
54794 20221109  2.623  -70.93   43.17     9.9    -4.4     2.7     2.3     0.0    10.91 C    14.5    -6.0     2.2    86.8    27.2    63.4   0.201   0.168 -99.000 -99.000 -99.000     8.0     8.9 -9999.0 -9999.0 -9999.0
54794 20221110  2.623  -70.93   43.17    19.5    -2.6     8.4     9.7     0.0    10.40 C    20.9    -3.5     8.2    89.4    23.0    57.6   0.201   0.166 -99.000 -99.000 -99.000     8.0     8.5 -9999.0 -9999.0 -9999.0
54794 20221111  2.623  -70.93   43.17    20.2     6.1    13.1    14.6    28.6     5.41 C    22.0     4.7    13.5    91.1    57.6    77.6   0.215   0.177 -99.000 -99.000 -99.000    10.2    10.1 -9999.0 -9999.0 -9999.0
54794 20221112  2.623  -70.93   43.17    23.2    12.8    18.0    18.7     0.5     6.90 C    25.5    10.9    17.6    91.3    51.4    75.0   0.287   0.248 -99.000 -99.000 -99.000    13.3    12.6 -9999.0 -9999.0 -9999.0
54794 20221113  2.623  -70.93   43.17    13.0     2.6     7.8     8.9     9.5     0.56 C    12.2     1.2     8.5    91.1    55.6    81.9   0.290   0.252 -99.000 -99.000 -99.000    12.0    12.0 -9999.0 -9999.0 -9999.0
54794 20221114  2.623  -70.93   43.17     4.5    -3.8     0.3     1.1     0.0    10.33 C     8.4    -5.1     0.8    75.6    33.1    49.3   0.282   0.244 -99.000 -99.000 -99.000     8.6     9.4 -9999.0 -9999.0 -9999.0
54794 20221115  2.623  -70.93   43.17     4.9    -6.2    -0.6     0.2     2.8     9.02 C    11.0    -7.2     0.8    89.5    46.7    69.3   0.269   0.233 -99.000 -99.000 -99.000     6.3     7.3 -9999.0 -9999.0 -9999.0
54794 20221116  2.623  -70.93   43.17     9.4     0.3     4.9     3.8    21.8     1.48 C     9.6    -0.5     3.5    92.4    79.3    88.8   0.307   0.269 -99.000 -99.000 -99.000     6.9     7.3 -9999.0 -9999.0 -9999.0
54794 20221117  2.623  -70.93   43.17     5.9    -1.4     2.2     1.6     0.0     5.81 C    10.0    -3.0     1.0    91.4    45.5    70.5   0.282   0.239 -99.000 -99.000 -99.000     6.3     6.8 -9999.0 -9999.0 -9999.0
54794 20221118  2.623  -70.93   43.17     5.4    -5.3     0.0     0.0     0.0     6.83 C    10.2    -6.8    -0.8    84.5    36.1    61.9   0.269   0.228 -99.000 -99.000 -99.000     5.1     5.9 -9999.0 -9999.0 -9999.0
54794 20221119  2.623  -70.93   43.17     5.1    -6.2    -0.6    -0.7     0.0     9.49 C     9.4    -7.6    -1.5    86.3    31.2    60.0   0.266   0.223 -99.000 -99.000 -99.000     4.1     4.9 -9999.0 -9999.0 -9999.0
54794 20221120  2.623  -70.93   43.17     3.2    -6.1    -1.4    -1.5     0.0     9.28 C     6.6    -7.1    -2.0    68.2    19.0    43.0   0.261   0.217 -99.000 -99.000 -99.000     3.4     4.3 -9999.0 -9999.0 -9999.0
54794 20221121  2.623  -70.93   43.17     2.1    -8.3    -3.1    -1.8     0.0     9.10 C     5.7   -10.0    -1.9    44.9    24.3    35.5   0.255   0.214 -99.000 -99.000 -99.000     2.9     3.7 -9999.0 -9999.0 -9999.0
54794 20221122  2.623  -70.93   43.17     7.6    -2.3     2.6     1.8     0.0     9.27 C    12.1    -4.7     1.1    74.6    32.0    49.1   0.252   0.212 -99.000 -99.000 -99.000     3.5     4.0 -9999.0 -9999.0 -9999.0
54794 20221123  2.623  -70.93   43.17     8.3    -3.7     2.3     1.7     0.0     7.20 C    12.1    -5.2     1.3    83.4    40.1    63.1   0.250   0.214 -99.000 -99.000 -99.000     3.8     4.2 -9999.0 -9999.0 -9999.0
54794 20221124  2.623  -70.93   43.17     6.6    -5.9     0.3    -0.6     0.0     8.66 C    10.4    -7.5    -1.0    87.3    45.2    71.2   0.246   0.208 -99.000 -99.000 -99.000     3.1     3.8 -9999.0 -9999.0 -9999.0
54794 20221125  2.623  -70.93   43.17     9.0    -3.3     2.8     2.8     0.4     1.05 C     8.7    -3.8     2.0    91.5    47.3    78.4   0.246   0.211 -99.000 -99.000 -99.000     3.5     3.9 -9999.0 -9999.0 -9999.0
54794 20221126  2.623  -70.93   43.17    10.4    -1.3     4.6     4.4     0.0     8.61 C    12.2    -2.8     3.2    75.9    31.3    49.4   0.244   0.208 -99.000 -99.000 -99.000     4.3     4.6 -9999.0 -9999.0 -9999.0
54794 20221127  2.623  -70.93   43.17    13.7    -2.4     5.7     5.5    23.7     5.16 C    15.9    -3.7     4.8    92.7    22.5    66.7   0.262   0.226 -99.000 -99.000 -99.000     4.4     4.6 -9999.0 -9999.0 -9999.0
54794 20221128  2.623  -70.93   43.17     9.9     0.7     5.3     6.3     0.4     8.23 C    13.1    -1.5     5.6    92.7    51.3    70.6   0.285   0.258 -99.000 -99.000 -99.000     5.9     5.9 -9999.0 -9999.0 -9999.0
54794 20221129  2.623  -70.93   43.17     3.1    -4.4    -0.7     0.5     0.0     4.62 C     5.5    -6.1     0.3    88.5    54.3    70.1   0.275   0.241 -99.000 -99.000 -99.000     4.2     4.7 -9999.0 -9999.0 -9999.0
54794 20221130  2.623  -70.93   43.17    13.7     0.3     7.0     6.2    36.6     0.44 C    12.8    -0.5     5.7    92.1    58.0    86.2   0.285   0.249 -99.000 -99.000 -99.000     5.4     5.4 -9999.0 -9999.0 -9999.0
54794 20221201  2.623  -70.93   43.17     5.3    -2.3     1.5     2.3     0.0     5.83 C     7.2    -4.4     1.2    65.0    36.5    49.8   0.289   0.254 -99.000 -99.000 -99.000     5.3     5.7 -9999.0 -9999.0 -9999.0
54794 20221202  2.623  -70.93   43.17     5.7    -4.0     0.8     0.4     0.0     8.41 C    10.1    -5.6    -0.3    83.1    39.1    62.4   0.275   0.248 -99.000 -99.000 -99.000     3.7     4.3 -9999.0 -9999.0 -9999.0
54794 20221203  2.623  -70.93   43.17    13.0    -0.4     6.3     7.6     5.8     0.36 C    11.8    -1.1     6.2    87.2    51.6    77.0   0.280   0.254 -99.000 -99.000 -99.000     4.9     4.9 -9999.0 -9999.0 -9999.0
54794 20221204  2.623  -70.93   43.17     5.3    -5.0     0.1     1.3     0.0     6.05 C     7.7    -6.8     0.4    78.0    36.0    50.5   0.282   0.257 -99.000 -99.000 -99.000     4.8     5.2 -9999.0 -9999.0 -9999.0
54794 20221205  2.623  -70.93   43.17     8.1    -7.3     0.4    -0.5     0.0     7.70 C     9.6    -8.5    -1.6    89.0    41.9    72.4   0.274   0.246 -99.000 -99.000 -99.000     2.9     3.6 -9999.0 -9999.0 -9999.0
54794 20221206  2.623  -70.93   43.17    10.7    -2.9     3.9     5.4     1.6     3.30 C    11.5    -4.5     5.0    89.5    69.4    84.1   0.272   0.243 -99.000 -99.000 -99.000     3.7     3.9 -9999.0 -9999.0 -9999.0
54794 20221207  2.623  -70.93   43.17    11.0     8.4     9.7     9.9    25.1     0.32 C    10.9     6.7     9.3    93.2    88.4    91.1   0.310   0.280 -99.000 -99.000 -99.000     6.3     6.0 -9999.0 -9999.0 -9999.0
54794 20221208  2.623  -70.93   43.17     9.4    -2.1     3.7     5.6     0.0     7.91 C    12.3    -4.5     4.6    93.4    47.2    69.0   0.285   0.258 -99.000 -99.000 -99.000     6.2     6.3 -9999.0 -9999.0 -9999.0
54794 20221209  2.623  -70.93   43.17     7.9    -4.7     1.6     1.2     0.0     8.42 C     9.9    -6.9    -0.5    85.5     8.6    47.9   0.276   0.248 -99.000 -99.000 -99.000     3.6     4.3 -9999.0 -9999.0 -9999.0
54794 20221210  2.623  -70.93   43.17     0.2    -4.9    -2.4    -1.4     0.0     3.94 C     2.6    -5.6    -1.5    53.1    35.8    43.5   0.271   0.243 -99.000 -99.000 -99.000     2.9     3.5 -9999.0 -9999.0 -9999.0
54794 20221211  2.623  -70.93   43.17    -3.6    -7.3    -5.5    -5.6     0.7     3.03 C    -1.2    -7.7    -4.9    78.8    44.6    56.9   0.265   0.239 -99.000 -99.000 -99.000     2.1     2.8 -9999.0 -9999.0 -9999.0
54794 20221212  2.623  -70.93   43.17     0.5    -7.5    -3.5    -4.0     1.5     7.88 C     2.8    -9.7    -4.9    82.0    28.0    59.1   0.260   0.237 -99.000 -99.000 -99.000     1.8     2.4 -9999.0 -9999.0 -9999.0
54794 20221213  2.623  -70.93   43.17     3.9    -7.9    -2.0    -1.3     0.0     7.93 C     5.6    -9.9    -2.6    68.6    30.7    49.4   0.255   0.234 -99.000 -99.000 -99.000     1.4     2.0 -9999.0 -9999.0 -9999.0
54794 20221214  2.623  -70.93   43.17     2.2    -7.1    -2.5    -2.3     0.0     7.57 C     4.6    -8.1    -2.7    72.4    43.6    53.7   0.254   0.233 -99.000 -99.000 -99.000     1.3     1.8 -9999.0 -9999.0 -9999.0
54794 20221215  2.623  -70.93   43.17     5.9    -0.3     2.8     2.8     2.4     4.50 C     6.9    -2.2     2.0    88.7    53.1    71.6   0.255   0.233 -99.000 -99.000 -99.000     1.7     2.1 -9999.0 -9999.0 -9999.0
54794 20221216  2.623  -70.93   43.17     1.8    -0.1     0.9     0.6    44.8     0.79 C     1.4    -0.2     0.1    90.8    88.6    90.0   0.296   0.274 -99.000 -99.000 -99.000     2.2     2.5 -9999.0 -9999.0 -9999.0
54794 20221217  2.623  -70.93   43.17     3.8     0.4     2.1     1.6     9.5     3.59 C     4.1    -1.6     0.6    90.4    67.8    82.1   0.304   0.283 -99.000 -99.000 -99.000     2.3     2.5 -9999.0 -9999.0 -9999.0
54794 20221218  2.623  -70.93   43.17     4.1    -2.1     1.0     0.5     0.0     6.80 C     4.5    -5.2    -1.5    84.5    44.6    65.9   0.290   0.266 -99.000 -99.000 -99.000     2.4     2.7 -9999.0 -9999.0 -9999.0
54794 20221219  2.623  -70.93   43.17     3.2    -3.0     0.1    -0.1     0.0     7.40 C     3.4    -6.5    -2.3    72.8    43.9    56.7   0.282   0.260 -99.000 -99.000 -99.000     2.0     2.4 -9999.0 -9999.0 -9999.0
54794 20221220  2.623  -70.93   43.17     3.9    -4.5    -0.3    -0.5     0.0     7.73 C     4.7    -7.7    -2.4    81.1    44.4    59.0   0.284   0.257 -99.000 -99.000 -99.000     1.8     2.2 -9999.0 -9999.0 -9999.0
54794 20221221  2.623  -70.93   43.17     2.3    -7.0    -2.3    -3.3     0.0     7.72 C     4.0    -9.3    -4.6    88.0    45.9    73.1   0.283   0.253 -99.000 -99.000 -99.000     1.3     1.7 -9999.0 -9999.0 -9999.0
54794 20221222  2.623  -70.93   43.17     5.0    -7.0    -1.0    -1.4     6.8     3.86 C     3.1    -8.9    -2.3    90.0    59.3    76.5   0.280   0.248 -99.000 -99.000 -99.000     1.0     1.5 -9999.0 -9999.0 -9999.0
54794 20221223  2.623  -70.93   43.17    12.0    -6.9     2.5     6.7    49.4     0.26 C    11.4    -7.1     5.6    89.2    45.2    79.1   0.340   0.302 -99.000 -99.000 -99.000     2.8     2.7 -9999.0 -9999.0 -9999.0
54794 20221224  2.623  -70.93   43.17    -6.9   -11.8    -9.3    -9.8     0.0     7.62 C    -4.4   -12.1    -9.3    55.4    40.6    47.5   0.294   0.261 -99.000 -99.000 -99.000     1.5     2.1 -9999.0 -9999.0 -9999.0
54794 20221225  2.623  -70.93   43.17    -4.1   -11.6    -7.9    -8.0     0.0     5.19 C    -1.3   -12.1    -7.9    57.3    38.4    49.5   0.268   0.236 -99.000 -99.000 -99.000     0.6     1.2 -9999.0 -9999.0 -9999.0
54794 20221226  2.623  -70.93   43.17    -0.4    -9.1    -4.7    -4.6     0.0     7.36 C     2.6   -10.8    -5.1    65.6    38.5    53.5 -99.000   0.205 -99.000 -99.000 -99.000     0.4     0.8 -9999.0 -9999.0 -9999.0
54794 20221227  2.623  -70.93   43.17     1.1    -8.2    -3.5    -3.3     0.0     6.52 C     4.2    -9.5    -3.7    78.3    36.6    57.8 -99.000   0.199 -99.000 -99.000 -99.000     0.3     0.7 -9999.0 -9999.0 -9999.0
54794 20221228  2.623  -70.93   43.17    -0.1    -9.1    -4.6    -4.2     0.0     1.76 C     0.9   -10.0    -4.2    84.4    57.0    74.4 -99.000   0.194 -99.000 -99.000 -99.000     0.1     0.6 -9999.0 -9999.0 -9999.0
54794 20221229  2.623  -70.93   43.17     6.0    -5.6     0.2    -1.3     0.0     6.97 C     9.2    -6.9    -1.6    87.8    48.9    76.6 -99.000   0.191 -99.000 -99.000 -99.000     0.1     0.6 -9999.0 -9999.0 -9999.0
54794 20221230  2.623  -70.93   43.17    13.7    -3.1     5.3     4.2     0.0     4.99 C    17.1    -4.3     3.7    87.6    44.5    72.4 -99.000   0.192 -99.000 -99.000 -99.000     0.1     0.6 -9999.0 -9999.0 -9999.0
54794 20221231  2.623  -70.93   43.17    12.0     1.5     6.7     8.3     3.2     1.69 C    10.8    -0.7     6.4    93.5    62.5    81.2 -99.000   0.198 -99.000 -99.000 -99.000     0.2     0.6 -9999.0 -9999.0 -9999.0
