54794 20210101  2.623  -70.93   43.17     2.3    -6.3    -2.0    -1.3     0.8     5.80 C     6.8    -6.9    -1.1    80.0    42.1    62.6   0.226   0.201 -99.000 -99.000 -99.000     1.1     1.6 -9999.0 -9999.0 -9999.0
54794 20210102  2.623  -70.93   43.17     3.0    -2.2     0.4     0.6    12.4     2.79 C     4.6    -4.0     0.1    92.7    72.1    84.0   0.248   0.230 -99.000 -99.000 -99.000     1.3     1.6 -9999.0 -9999.0 -9999.0
54794 20210103  2.623  -70.93   43.17    -0.3    -6.3    -3.3    -2.3     0.0     2.40 C     0.3    -7.7    -2.7    89.4    69.7    78.9   0.244   0.224 -99.000 -99.000 -99.000     1.1     1.5 -9999.0 -9999.0 -9999.0
54794 20210104  2.623  -70.93   43.17     2.4    -2.8    -0.2    -0.8     0.0     4.49 C     6.8    -4.2    -0.9    86.2    66.3    75.4   0.244   0.221 -99.000 -99.000 -99.000     1.3     1.6 -9999.0 -9999.0 -9999.0
54794 20210105  2.623  -70.93   43.17     0.4    -3.0    -1.3    -1.0     0.3     2.23 C     1.3    -4.1    -1.1    87.4    68.8    78.0   0.241   0.219 -99.000 -99.000 -99.000     1.1     1.5 -9999.0 -9999.0 -9999.0
54794 20210106  2.623  -70.93   43.17     3.1    -2.1     0.5     0.0     0.0     4.42 C     5.7    -3.0     0.0    85.1    48.4    64.3   0.240   0.217 -99.000 -99.000 -99.000     1.6     1.8 -9999.0 -9999.0 -9999.0
54794 20210107  2.623  -70.93   43.17     3.8    -3.3     0.3    -0.1     0.0     6.78 C     9.2    -4.5     0.3    60.8    36.9    50.6   0.238   0.213 -99.000 -99.000 -99.000     1.7     1.9 -9999.0 -9999.0 -9999.0
54794 20210108  2.623  -70.93   43.17     3.4    -6.9    -1.7    -1.8     0.0     7.36 C     8.8    -7.5    -1.3    76.4    28.8    52.6   0.233   0.207 -99.000 -99.000 -99.000     1.0     1.5 -9999.0 -9999.0 -9999.0
54794 20210109  2.623  -70.93   43.17     1.3    -7.4    -3.1    -2.3     0.0     5.30 C     6.5    -8.4    -1.9    68.2    47.0    57.6   0.228   0.202 -99.000 -99.000 -99.000     0.7     1.2 -9999.0 -9999.0 -9999.0
54794 20210110  2.623  -70.93   43.17     4.4    -6.5    -1.0    -1.5     0.0     7.39 C    10.0    -7.5    -1.2    78.0    33.9    56.5   0.227   0.200 -99.000 -99.000 -99.000     0.7     1.1 -9999.0 -9999.0 -9999.0
54794 20210111  2.623  -70.93   43.17     1.4    -9.3    -4.0    -3.6     0.0     3.55 C     3.6   -10.2    -3.6    85.5    44.7    67.9   0.213   0.193 -99.000 -99.000 -99.000     0.5     0.9 -9999.0 -9999.0 -9999.0
54794 20210112  2.623  -70.93   43.17     4.5    -6.8    -1.2    -0.8     0.0     6.85 C     9.6    -7.8    -0.3    84.1    38.0    63.5   0.209   0.193 -99.000 -99.000 -99.000     0.5     0.8 -9999.0 -9999.0 -9999.0
54794 20210113  2.623  -70.93   43.17     3.5    -2.3     0.6     0.6     0.0     3.77 C     8.5    -3.4     0.7    74.7    46.2    61.3   0.217   0.194 -99.000 -99.000 -99.000     0.5     0.9 -9999.0 -9999.0 -9999.0
54794 20210114  2.623  -70.93   43.17     3.5    -3.6    -0.1     0.3     0.0     3.07 C     6.3    -4.8     0.4    86.3    54.3    72.1   0.225   0.197 -99.000 -99.000 -99.000     0.7     1.1 -9999.0 -9999.0 -9999.0
54794 20210115  2.623  -70.93   43.17     5.5    -2.5     1.5     1.2     0.0     6.78 C     9.8    -4.0     1.5    88.6    42.5    70.4   0.226   0.198 -99.000 -99.000 -99.000     1.2     1.6 -9999.0 -9999.0 -9999.0
54794 20210116  2.623  -70.93   43.17     8.9     0.6     4.7     5.4    31.2     0.50 C     9.0     0.7     4.8    89.9    77.0    85.3   0.258   0.233 -99.000 -99.000 -99.000     3.0     2.8 -9999.0 -9999.0 -9999.0
54794 20210117  2.623  -70.93   43.17     4.9     1.5     3.2     3.1     0.0     4.68 C     6.9     0.5     2.7    82.4    47.3    58.0   0.252   0.225 -99.000 -99.000 -99.000     2.8     2.9 -9999.0 -9999.0 -9999.0
54794 20210118  2.623  -70.93   43.17     6.0    -2.6     1.7     2.2     0.0     6.27 C     9.1    -3.4     2.2    70.8    42.3    55.8   0.242   0.216 -99.000 -99.000 -99.000     2.5     2.7 -9999.0 -9999.0 -9999.0
54794 20210119  2.623  -70.93   43.17     1.1    -5.3    -2.1    -2.4     0.0     6.42 C     5.4    -6.3    -2.2    74.9    31.5    49.9   0.237   0.210 -99.000 -99.000 -99.000     1.4     1.9 -9999.0 -9999.0 -9999.0
54794 20210120  2.623  -70.93   43.17     2.9    -6.6    -1.8    -2.0     0.0     6.11 C     8.3    -7.7    -1.9    79.3    32.0    57.3   0.234   0.206 -99.000 -99.000 -99.000     1.0     1.4 -9999.0 -9999.0 -9999.0
54794 20210121  2.623  -70.93   43.17    -2.9    -8.2    -5.5    -5.3     0.0     4.41 C     1.3    -9.3    -4.9    76.3    41.1    57.4   0.227   0.199 -99.000 -99.000 -99.000     0.7     1.1 -9999.0 -9999.0 -9999.0
54794 20210122  2.623  -70.93   43.17     5.2    -7.2    -1.0    -0.8     0.0     7.04 C    10.9    -7.6    -0.1    86.8    48.5    67.8   0.226   0.196 -99.000 -99.000 -99.000     0.6     1.0 -9999.0 -9999.0 -9999.0
54794 20210123  2.623  -70.93   43.17    -0.1   -10.9    -5.5    -5.6     0.0     8.42 C     1.0   -11.5    -5.2    66.1    36.2    47.0   0.219   0.195 -99.000 -99.000 -99.000     0.6     0.9 -9999.0 -9999.0 -9999.0
54794 20210124  2.623  -70.93   43.17    -2.2   -10.9    -6.6    -7.0     0.0     8.72 C     1.7   -11.4    -6.5    51.7    32.6    41.5 -99.000   0.188 -99.000 -99.000 -99.000     0.2     0.7 -9999.0 -9999.0 -9999.0
54794 20210125  2.623  -70.93   43.17     0.9    -9.5    -4.3    -4.8     0.0     8.95 C     5.7   -10.5    -4.3    61.2    30.5    45.3 -99.000   0.167 -99.000 -99.000 -99.000     0.1     0.5 -9999.0 -9999.0 -9999.0
54794 20210126  2.623  -70.93   43.17     0.5   -11.7    -5.6    -4.3     1.6     6.06 C     5.1   -12.4    -3.6    86.2    34.4    63.0 -99.000   0.149 -99.000 -99.000 -99.000     0.0     0.3 -9999.0 -9999.0 -9999.0
54794 20210127  2.623  -70.93   43.17     1.5    -3.0    -0.8    -0.8     3.8     4.10 C     3.2    -3.3    -0.6    90.8    72.5    82.7 -99.000   0.149 -99.000 -99.000 -99.000     0.0     0.3 -9999.0 -9999.0 -9999.0
54794 20210128  2.623  -70.93   43.17    -0.4    -9.5    -5.0    -2.6     1.7     1.29 C     0.2   -10.7    -2.6    90.9    47.3    75.5 -99.000   0.153 -99.000 -99.000 -99.000     0.1     0.4 -9999.0 -9999.0 -9999.0
54794 20210129  2.623  -70.93   43.17    -6.2   -14.0   -10.1   -10.9     0.0     6.22 C    -4.6   -15.0   -10.9    55.2    36.6    45.7 -99.000   0.157 -99.000 -99.000 -99.000     0.1     0.4 -9999.0 -9999.0 -9999.0
54794 20210130  2.623  -70.93   43.17    -7.6   -15.3   -11.5   -11.7     0.0     9.47 C    -2.3   -16.8   -11.1    63.0    33.4    47.6 -99.000   0.150 -99.000 -99.000 -99.000     0.0     0.3 -9999.0 -9999.0 -9999.0
54794 20210131  2.623  -70.93   43.17    -4.1   -18.6   -11.4   -11.4     0.0     9.10 C     2.9   -19.4   -10.0    76.9    31.2    58.0 -99.000   0.143 -99.000 -99.000 -99.000    -0.2     0.2 -9999.0 -9999.0 -9999.0
54794 20210201  2.623  -70.93   43.17    -1.6   -14.1    -7.9    -6.2     8.6     2.65 C    -1.9   -14.9    -6.2    87.2    49.8    69.7 -99.000   0.137 -99.000 -99.000 -99.000    -0.3     0.0 -9999.0 -9999.0 -9999.0
54794 20210202  2.623  -70.93   43.17     0.2    -2.4    -1.1    -1.0    14.3     2.40 C     0.4    -2.6    -1.2    87.4    72.6    79.2 -99.000   0.136 -99.000 -99.000 -99.000    -0.2     0.0 -9999.0 -9999.0 -9999.0
54794 20210203  2.623  -70.93   43.17     2.1    -1.7     0.2     0.3     0.0     4.35 C     4.0    -2.6     0.4    80.1    56.5    67.2 -99.000   0.138 -99.000 -99.000 -99.000    -0.2     0.1 -9999.0 -9999.0 -9999.0
54794 20210204  2.623  -70.93   43.17     3.2    -6.3    -1.6    -0.4     0.0     5.50 C     5.8    -8.6    -0.8    84.0    47.0    65.5 -99.000   0.140 -99.000 -99.000 -99.000    -0.1     0.1 -9999.0 -9999.0 -9999.0
54794 20210205  2.623  -70.93   43.17     1.8    -9.6    -3.9    -3.7     2.0     1.86 C     5.0   -11.5    -4.3    92.6    79.2    87.5 -99.000   0.143 -99.000 -99.000 -99.000    -0.1     0.1 -9999.0 -9999.0 -9999.0
54794 20210206  2.623  -70.93   43.17     3.9    -6.5    -1.3    -1.3     0.0     9.64 C     6.9    -9.2    -2.8    92.1    27.7    58.3 -99.000   0.145 -99.000 -99.000 -99.000    -0.1     0.2 -9999.0 -9999.0 -9999.0
54794 20210207  2.623  -70.93   43.17    -1.8    -9.3    -5.6    -4.9     7.2     2.05 C    -0.1   -10.5    -5.4    86.7    45.3    71.8 -99.000   0.147 -99.000 -99.000 -99.000    -0.1     0.2 -9999.0 -9999.0 -9999.0
54794 20210208  2.623  -70.93   43.17    -2.2   -13.6    -7.9    -6.7     0.0    11.10 C     0.8   -15.7    -7.3    76.6    23.5    45.8 -99.000   0.148 -99.000 -99.000 -99.000     0.0     0.2 -9999.0 -9999.0 -9999.0
54794 20210209  2.623  -70.93   43.17    -4.0   -13.0    -8.5    -7.7     2.5     3.56 C    -0.9   -14.3    -7.4    87.4    61.4    77.5 -99.000   0.151 -99.000 -99.000 -99.000     0.0     0.2 -9999.0 -9999.0 -9999.0
54794 20210210  2.623  -70.93   43.17    -1.3   -17.3    -9.3    -8.4     0.0    10.42 C     4.7   -19.5    -8.8    86.7    34.5    63.5 -99.000   0.152 -99.000 -99.000 -99.000     0.1     0.3 -9999.0 -9999.0 -9999.0
54794 20210211  2.623  -70.93   43.17    -2.3   -11.2    -6.8    -6.9     0.0    10.65 C     2.1   -12.5    -6.9    73.3    31.2    48.0 -99.000   0.152 -99.000 -99.000 -99.000     0.1     0.3 -9999.0 -9999.0 -9999.0
54794 20210212  2.623  -70.93   43.17    -3.6   -14.2    -8.9    -9.3     0.0    10.95 C     2.6   -16.3    -8.9    46.3    25.7    35.2 -99.000   0.155 -99.000 -99.000 -99.000     0.1     0.3 -9999.0 -9999.0 -9999.0
54794 20210213  2.623  -70.93   43.17    -2.2   -12.4    -7.3    -6.5     0.0    11.55 C     5.0   -13.6    -5.5    58.6    20.1    38.1 -99.000   0.156 -99.000 -99.000 -99.000     0.1     0.3 -9999.0 -9999.0 -9999.0
54794 20210214  2.623  -70.93   43.17     0.7    -4.8    -2.1    -2.8     0.0     4.49 C     3.0    -5.5    -2.7    71.2    39.2    50.7 -99.000   0.157 -99.000 -99.000 -99.000     0.1     0.4 -9999.0 -9999.0 -9999.0
54794 20210215  2.623  -70.93   43.17    -1.9    -5.7    -3.8    -3.3     0.2     3.41 C    -0.6    -7.6    -3.5    84.4    48.0    64.2 -99.000   0.158 -99.000 -99.000 -99.000     0.1     0.4 -9999.0 -9999.0 -9999.0
54794 20210216  2.623  -70.93   43.17     2.0    -3.6    -0.8     0.0    23.4     3.26 C     1.8    -3.4     0.0    91.8    62.6    88.2 -99.000   0.200 -99.000 -99.000 -99.000     0.1     0.3 -9999.0 -9999.0 -9999.0
54794 20210217  2.623  -70.93   43.17    -0.2    -9.2    -4.7    -5.4     0.0    12.61 C     1.8   -10.8    -5.3    64.3    30.7    49.5 -99.000   0.209 -99.000 -99.000 -99.000     0.2     0.4 -9999.0 -9999.0 -9999.0
54794 20210218  2.623  -70.93   43.17    -2.9    -7.7    -5.3    -5.0     0.0     5.05 C    -0.7    -8.5    -4.8    61.5    39.9    52.7 -99.000   0.220 -99.000 -99.000 -99.000     0.2     0.5 -9999.0 -9999.0 -9999.0
54794 20210219  2.623  -70.93   43.17    -2.6    -5.6    -4.1    -4.2     5.1     4.09 C    -1.2    -5.8    -4.0    85.4    56.5    77.4 -99.000   0.216 -99.000 -99.000 -99.000     0.3     0.5 -9999.0 -9999.0 -9999.0
54794 20210220  2.623  -70.93   43.17    -0.7    -7.8    -4.3    -3.8     0.0     9.55 C     4.9   -10.1    -3.8    86.3    39.8    63.2 -99.000   0.214 -99.000 -99.000 -99.000     0.3     0.6 -9999.0 -9999.0 -9999.0
54794 20210221  2.623  -70.93   43.17     0.6    -9.7    -4.5    -4.9     0.0    13.41 C     5.8   -12.2    -5.1    71.4    29.7    51.8   0.251   0.213 -99.000 -99.000 -99.000     0.4     0.6 -9999.0 -9999.0 -9999.0
54794 20210222  2.623  -70.93   43.17     2.1   -11.8    -4.9    -3.8     6.2     4.12 C     3.1   -13.2    -4.1    92.1    50.2    75.6   0.247   0.211 -99.000 -99.000 -99.000     0.4     0.6 -9999.0 -9999.0 -9999.0
54794 20210223  2.623  -70.93   43.17     5.3    -4.2     0.5     1.2     0.0     9.99 C     8.6    -6.8     0.6    90.9    50.8    75.7   0.258   0.215 -99.000 -99.000 -99.000     0.4     0.7 -9999.0 -9999.0 -9999.0
54794 20210224  2.623  -70.93   43.17     8.8    -2.5     3.1     4.7     0.0    11.79 C    11.3    -3.4     3.9    85.8    31.4    54.8   0.284   0.229 -99.000 -99.000 -99.000     0.5     0.7 -9999.0 -9999.0 -9999.0
54794 20210225  2.623  -70.93   43.17     8.2    -2.4     2.9     3.5     0.0    12.96 C     8.4    -4.0     3.2    55.6    25.2    38.6   0.303   0.242 -99.000 -99.000 -99.000     0.5     0.8 -9999.0 -9999.0 -9999.0
54794 20210226  2.623  -70.93   43.17     2.4    -5.7    -1.6    -2.4     0.0    14.48 C     9.1    -7.4    -1.4    70.6    24.8    43.4   0.283   0.232 -99.000 -99.000 -99.000     0.6     0.8 -9999.0 -9999.0 -9999.0
54794 20210227  2.623  -70.93   43.17     4.0    -8.0    -2.0    -1.0    10.3     1.60 C     3.3    -8.5    -1.8    92.7    70.8    86.4   0.282   0.232 -99.000 -99.000 -99.000     0.6     0.8 -9999.0 -9999.0 -9999.0
54794 20210228  2.623  -70.93   43.17     6.0    -1.8     2.1     3.1     0.0     7.34 C    10.6    -2.7     2.9    84.0    50.6    68.2   0.274   0.230 -99.000 -99.000 -99.000     0.6     0.8 -9999.0 -9999.0 -9999.0
54794 20210301  2.623  -70.93   43.17     6.7    -7.1    -0.2     3.2    11.5     3.18 C     8.4    -6.8     2.9    93.0    26.3    75.0   0.300   0.252 -99.000 -99.000 -99.000     0.6     0.8 -9999.0 -9999.0 -9999.0
54794 20210302  2.623  -70.93   43.17    -4.5   -13.6    -9.0    -8.3     0.0    15.40 C    -0.5   -13.7    -7.3    62.2    22.2    29.5   0.275   0.232 -99.000 -99.000 -99.000     0.6     0.8 -9999.0 -9999.0 -9999.0
54794 20210303  2.623  -70.93   43.17     4.6    -7.8    -1.6    -0.9     0.0    12.92 C    13.1    -8.6     0.4    60.8    28.7    47.4 -99.000   0.220 -99.000 -99.000 -99.000     0.4     0.6 -9999.0 -9999.0 -9999.0
54794 20210304  2.623  -70.93   43.17     1.4    -6.9    -2.7    -1.3     0.0    15.60 C     7.4    -7.2    -0.3    59.2    23.2    40.7 -99.000   0.223 -99.000 -99.000 -99.000     0.4     0.6 -9999.0 -9999.0 -9999.0
54794 20210305  2.623  -70.93   43.17    -2.1    -7.8    -5.0    -5.8     0.0    10.02 C     2.8    -8.8    -4.8    46.9    18.6    35.7 -99.000   0.220 -99.000 -99.000 -99.000     0.4     0.6 -9999.0 -9999.0 -9999.0
54794 20210306  2.623  -70.93   43.17    -0.7   -10.0    -5.4    -5.3     0.0    15.85 C     6.0   -10.8    -3.7    47.7    31.2    40.0 -99.000   0.194 -99.000 -99.000 -99.000     0.3     0.5 -9999.0 -9999.0 -9999.0
54794 20210307  2.623  -70.93   43.17     0.9   -10.8    -4.9    -4.2     0.0    16.12 C     9.7   -12.0    -2.3    64.7    28.7    42.8 -99.000   0.180 -99.000 -99.000 -99.000     0.2     0.4 -9999.0 -9999.0 -9999.0
54794 20210308  2.623  -70.93   43.17     3.0    -9.3    -3.2    -2.7     0.0    16.41 C    11.9   -10.4    -0.6    66.2    22.5    43.7 -99.000   0.176 -99.000 -99.000 -99.000     0.2     0.3 -9999.0 -9999.0 -9999.0
54794 20210309  2.623  -70.93   43.17    11.6    -2.2     4.7     3.7     0.0    15.68 C    18.0    -3.0     5.0    70.4    28.3    43.4 -99.000   0.190 -99.000 -99.000 -99.000     0.2     0.3 -9999.0 -9999.0 -9999.0
54794 20210310  2.623  -70.93   43.17     7.9    -5.0     1.4     1.4     0.0    16.15 C    14.8    -6.3     2.8    86.6    45.1    69.0 -99.000   0.222 -99.000 -99.000 -99.000     0.2     0.4 -9999.0 -9999.0 -9999.0
54794 20210311  2.623  -70.93   43.17    18.9    -2.1     8.4     9.2     0.0    11.48 C    22.0    -3.4     9.3    87.3    31.0    59.1 -99.000   0.231 -99.000 -99.000 -99.000     0.9     1.3 -9999.0 -9999.0 -9999.0
54794 20210312  2.623  -70.93   43.17    15.2     6.1    10.6    11.9     0.0    17.08 C    20.6     4.7    12.3    58.8    12.9    29.4   0.246   0.227 -99.000 -99.000 -99.000     3.6     3.2 -9999.0 -9999.0 -9999.0
54794 20210313  2.623  -70.93   43.17     6.2    -2.5     1.8     1.4     0.0    17.31 C    12.2    -3.3     2.6    52.5    20.0    32.8   0.236   0.214 -99.000 -99.000 -99.000     3.1     3.1 -9999.0 -9999.0 -9999.0
54794 20210314  2.623  -70.93   43.17     5.6    -7.6    -1.0    -1.2     0.0    12.40 C    13.3    -7.8    -0.3    62.7    25.2    44.6   0.231   0.208 -99.000 -99.000 -99.000     2.0     2.3 -9999.0 -9999.0 -9999.0
54794 20210315  2.623  -70.93   43.17    -5.0   -11.4    -8.2    -8.5     0.0    18.02 C     1.6   -11.9    -6.8    53.5    20.5    31.6   0.223   0.201 -99.000 -99.000 -99.000     0.8     1.2 -9999.0 -9999.0 -9999.0
54794 20210316  2.623  -70.93   43.17     2.5   -12.2    -4.9    -3.9     0.0    14.16 C     6.9   -12.8    -2.4    61.8    17.0    35.7   0.219   0.195 -99.000 -99.000 -99.000     0.4     0.7 -9999.0 -9999.0 -9999.0
54794 20210317  2.623  -70.93   43.17    10.9    -6.6     2.1     1.8     0.0    17.66 C    19.0    -7.5     3.5    81.9    24.8    52.4   0.221   0.197 -99.000 -99.000 -99.000     1.1     1.3 -9999.0 -9999.0 -9999.0
54794 20210318  2.623  -70.93   43.17    10.0    -2.3     3.9     3.5     9.1     5.20 C    12.6    -3.0     3.6    91.2    52.5    79.5   0.234   0.208 -99.000 -99.000 -99.000     2.2     2.0 -9999.0 -9999.0 -9999.0
54794 20210319  2.623  -70.93   43.17     4.8    -3.9     0.4     0.0     0.0    18.76 C    11.5    -4.6     1.3    55.7    16.1    27.7   0.260   0.230 -99.000 -99.000 -99.000     2.7     2.5 -9999.0 -9999.0 -9999.0
54794 20210320  2.623  -70.93   43.17    13.1    -6.7     3.2     3.6     0.0    18.63 C    19.5    -7.9     4.7    64.1    15.5    36.5   0.242   0.215 -99.000 -99.000 -99.000     2.7     2.6 -9999.0 -9999.0 -9999.0
54794 20210321  2.623  -70.93   43.17    16.8    -3.8     6.5     5.4     0.0    19.06 C    24.8    -5.4     6.9    73.9    15.7    45.1   0.235   0.208 -99.000 -99.000 -99.000     3.8     3.4 -9999.0 -9999.0 -9999.0
54794 20210322  2.623  -70.93   43.17    16.0    -4.4     5.8     5.0     0.0    19.23 C    23.7    -5.9     6.5    85.0    21.4    56.2   0.229   0.203 -99.000 -99.000 -99.000     4.4     4.0 -9999.0 -9999.0 -9999.0
54794 20210323  2.623  -70.93   43.17    18.3    -3.6     7.3     6.7     0.0    19.34 C    26.4    -5.0     8.5    88.9    11.7    64.7   0.224   0.200 -99.000 -99.000 -99.000     5.2     4.7 -9999.0 -9999.0 -9999.0
54794 20210324  2.623  -70.93   43.17    14.1    -1.2     6.4     7.0     0.0     9.94 C    18.8    -1.8     7.9    91.0    42.2    75.5   0.221   0.198 -99.000 -99.000 -99.000     5.6     5.2 -9999.0 -9999.0 -9999.0
54794 20210325  2.623  -70.93   43.17    15.0     6.5    10.7     9.6     2.6     6.03 C    16.8     6.4    10.2    93.1    79.6    89.8   0.225   0.202 -99.000 -99.000 -99.000     7.0     6.3 -9999.0 -9999.0 -9999.0
54794 20210326  2.623  -70.93   43.17    22.9     7.9    15.4    13.2     4.3     6.52 C    25.1     7.9    13.4    93.2    43.2    75.8   0.242   0.216 -99.000 -99.000 -99.000     8.3     7.3 -9999.0 -9999.0 -9999.0
54794 20210327  2.623  -70.93   43.17    14.4     2.5     8.4     7.6     0.0    19.46 C    22.1     1.7     9.6    84.4    29.0    58.4   0.235   0.211 -99.000 -99.000 -99.000     8.4     7.7 -9999.0 -9999.0 -9999.0
54794 20210328  2.623  -70.93   43.17     6.9     4.7     5.8     5.5    28.1     1.03 C     6.7     4.4     5.5    91.5    77.8    85.3   0.261   0.230 -99.000 -99.000 -99.000     6.7     6.7 -9999.0 -9999.0 -9999.0
54794 20210329  2.623  -70.93   43.17     9.1    -0.3     4.4     5.7     0.4    19.27 C    14.5    -2.0     6.4    91.4    16.4    43.0   0.264   0.231 -99.000 -99.000 -99.000     6.5     6.3 -9999.0 -9999.0 -9999.0
54794 20210330  2.623  -70.93   43.17    11.6    -3.4     4.1     5.0     0.0    20.42 C    17.4    -4.5     6.3    66.0    25.6    47.2   0.242   0.214 -99.000 -99.000 -99.000     5.9     5.8 -9999.0 -9999.0 -9999.0
54794 20210331  2.623  -70.93   43.17    18.9     1.8    10.3    11.8     4.5     6.61 C    21.1     1.1    11.5    90.4    49.8    69.9   0.235   0.208 -99.000 -99.000 -99.000     6.9     6.4 -9999.0 -9999.0 -9999.0
54794 20210401  2.623  -70.93   43.17    12.5    -0.7     5.9     5.9    13.3     5.17 C    12.1    -1.5     6.2    92.6    52.1    79.3   0.280   0.244 -99.000 -99.000 -99.000     8.0     7.6 -9999.0 -9999.0 -9999.0
54794 20210402  2.623  -70.93   43.17     2.8    -3.6    -0.4    -0.8     0.0    17.20 C    11.7    -4.2     1.2    57.3    33.9    46.4   0.252   0.222 -99.000 -99.000 -99.000     5.7     5.9 -9999.0 -9999.0 -9999.0
54794 20210403  2.623  -70.93   43.17     8.8    -6.0     1.4     1.6     0.0    21.66 C    16.5    -7.1     3.8    77.4    14.1    40.8   0.240   0.212 -99.000 -99.000 -99.000     5.6     5.5 -9999.0 -9999.0 -9999.0
54794 20210404  2.623  -70.93   43.17    15.1    -5.4     4.8     6.3     0.0    21.09 C    21.0    -6.5     8.1    77.6    13.2    39.4   0.232   0.206 -99.000 -99.000 -99.000     5.9     5.6 -9999.0 -9999.0 -9999.0
54794 20210405  2.623  -70.93   43.17    10.9     4.0     7.4     7.8     0.0     7.83 C    14.5     2.3     7.9    60.9    30.2    41.8   0.227   0.201 -99.000 -99.000 -99.000     6.5     6.2 -9999.0 -9999.0 -9999.0
54794 20210406  2.623  -70.93   43.17    16.9     4.2    10.5    10.0     0.0    17.56 C    24.9     3.2    11.3    73.5    30.9    49.7   0.222   0.197 -99.000 -99.000 -99.000     7.6     6.9 -9999.0 -9999.0 -9999.0
54794 20210407  2.623  -70.93   43.17    16.6     1.5     9.1     9.8     0.0    11.62 C    21.8     0.5    10.8    86.6    44.7    65.4   0.217   0.193 -99.000 -99.000 -99.000     8.0     7.4 -9999.0 -9999.0 -9999.0
54794 20210408  2.623  -70.93   43.17    16.4     4.0    10.2    10.9     0.0    19.92 C    24.0     2.9    12.7    89.2    49.3    68.1   0.213   0.190 -99.000 -99.000 -99.000     9.7     8.9 -9999.0 -9999.0 -9999.0
54794 20210409  2.623  -70.93   43.17    18.2     1.3     9.7     9.7     0.0    21.46 C    26.1     0.5    11.8    91.1    47.1    70.8   0.208   0.185 -99.000 -99.000 -99.000     9.8     9.2 -9999.0 -9999.0 -9999.0
54794 20210410  2.623  -70.93   43.17    23.5     2.5    13.0    13.3     0.0    17.83 C    31.3     1.5    14.9    90.9    37.2    65.8   0.202   0.180 -99.000 -99.000 -99.000    10.5     9.7 -9999.0 -9999.0 -9999.0
54794 20210411  2.623  -70.93   43.17    11.2     3.1     7.1     7.5     0.0    12.74 C    16.4     2.4     8.8    86.9    57.0    74.0   0.196   0.177 -99.000 -99.000 -99.000    10.0     9.6 -9999.0 -9999.0 -9999.0
54794 20210412  2.623  -70.93   43.17    11.6     1.6     6.6     6.7     0.0    10.76 C    14.6     0.3     7.0    88.8    51.2    70.1   0.193   0.175 -99.000 -99.000 -99.000     8.7     8.6 -9999.0 -9999.0 -9999.0
54794 20210413  2.623  -70.93   43.17    17.5     1.9     9.7    10.2     0.0    17.31 C    23.8     0.6    12.0    84.0    37.2    58.7   0.190   0.172 -99.000 -99.000 -99.000     9.2     8.6 -9999.0 -9999.0 -9999.0
54794 20210414  2.623  -70.93   43.17    13.5     3.2     8.3     8.0     0.0    19.18 C    23.0     2.7    10.2    87.7    53.4    71.1   0.185   0.168 -99.000 -99.000 -99.000    10.4     9.8 -9999.0 -9999.0 -9999.0
54794 20210415  2.623  -70.93   43.17    10.9     2.9     6.9     7.1     0.0    11.74 C    15.4     2.5     8.3    87.6    36.6    65.3   0.183   0.165 -99.000 -99.000 -99.000     9.5     9.2 -9999.0 -9999.0 -9999.0
54794 20210416  2.623  -70.93   43.17     5.8     0.3     3.0     2.5    27.6     3.39 C     5.6     0.0     2.2    90.7    71.5    85.0   0.261   0.224 -99.000 -99.000 -99.000     6.8     7.2 -9999.0 -9999.0 -9999.0
54794 20210417  2.623  -70.93   43.17     8.3     1.9     5.1     4.8     1.2     9.22 C    12.9     1.7     5.4    87.6    50.9    74.4   0.271   0.232 -99.000 -99.000 -99.000     6.9     6.7 -9999.0 -9999.0 -9999.0
54794 20210418  2.623  -70.93   43.17    14.2     1.8     8.0     7.5     0.0    16.07 C    22.2     0.6     9.3    88.4    36.5    63.5   0.254   0.214 -99.000 -99.000 -99.000     8.3     7.8 -9999.0 -9999.0 -9999.0
54794 20210419  2.623  -70.93   43.17    17.4     0.0     8.7     8.5     0.5    17.15 C    26.3    -1.2    10.1    91.5    30.5    66.9   0.243   0.205 -99.000 -99.000 -99.000     8.8     8.4 -9999.0 -9999.0 -9999.0
54794 20210420  2.623  -70.93   43.17    21.4     0.7    11.0    12.1     0.0    17.74 C    25.8    -0.4    12.9    91.6    25.7    54.0   0.236   0.198 -99.000 -99.000 -99.000     9.3     8.9 -9999.0 -9999.0 -9999.0
54794 20210421  2.623  -70.93   43.17    20.0     0.8    10.4     8.5     6.7    12.58 C    24.4     0.7     9.4    85.8    38.6    70.6   0.238   0.199 -99.000 -99.000 -99.000     9.7     9.2 -9999.0 -9999.0 -9999.0
54794 20210422  2.623  -70.93   43.17     4.2    -1.0     1.6     1.8     0.0    17.90 C    10.2    -1.2     3.0    66.3    32.2    48.3   0.248   0.209 -99.000 -99.000 -99.000     7.9     8.1 -9999.0 -9999.0 -9999.0
54794 20210423  2.623  -70.93   43.17    14.3     1.4     7.9     8.2     0.0    23.88 C    19.5     0.6     9.5    51.8    21.4    35.7   0.233   0.200 -99.000 -99.000 -99.000     8.4     8.1 -9999.0 -9999.0 -9999.0
54794 20210424  2.623  -70.93   43.17    22.1     0.7    11.4    13.5     0.0    22.57 C    29.2    -0.4    15.0    71.3    14.0    34.8   0.222   0.190 -99.000 -99.000 -99.000    10.0     9.3 -9999.0 -9999.0 -9999.0
54794 20210425  2.623  -70.93   43.17    13.1     5.8     9.5     9.2     1.0     6.71 C    14.2     5.0     9.4    84.6    47.0    67.1   0.218   0.185 -99.000 -99.000 -99.000     9.9     9.5 -9999.0 -9999.0 -9999.0
54794 20210426  2.623  -70.93   43.17     9.6     4.4     7.0     6.8     0.0    25.03 C    15.8     3.6     8.5    84.7    31.4    45.0   0.216   0.182 -99.000 -99.000 -99.000     9.8     9.4 -9999.0 -9999.0 -9999.0
54794 20210427  2.623  -70.93   43.17    19.8     3.7    11.7    11.1     0.0    16.86 C    25.7     2.5    12.0    49.2     8.4    25.5   0.219   0.176 -99.000 -99.000 -99.000     9.5     9.2 -9999.0 -9999.0 -9999.0
54794 20210428  2.623  -70.93   43.17    15.2     6.7    10.9    10.0     5.5     8.56 C    22.1     6.2    10.7    90.7    43.9    78.1   0.226   0.177 -99.000 -99.000 -99.000    10.4     9.8 -9999.0 -9999.0 -9999.0
54794 20210429  2.623  -70.93   43.17    10.0     7.6     8.8     8.6    15.5     2.85 C    12.1     7.5     8.9    91.8    80.0    88.3   0.255   0.203 -99.000 -99.000 -99.000    10.2     9.9 -9999.0 -9999.0 -9999.0
54794 20210430  2.623  -70.93   43.17    15.6     5.8    10.7    10.4     9.8     7.56 C    19.0     5.4    10.6    91.9    50.6    77.0   0.290   0.237 -99.000 -99.000 -99.000    10.4     9.9 -9999.0 -9999.0 -9999.0
54794 20210501  2.623  -70.93   43.17    14.3     4.8     9.5     9.0     0.0    24.99 C    20.6     4.0    10.7    85.1    18.5    51.3   0.276   0.224 -99.000 -99.000 -99.000    11.1    10.5 -9999.0 -9999.0 -9999.0
54794 20210502  2.623  -70.93   43.17    22.7     7.6    15.1    14.8     0.0    17.45 C    28.4     7.4    15.7    62.3    24.8    42.1   0.252   0.202 -99.000 -99.000 -99.000    11.8    11.1 -9999.0 -9999.0 -9999.0
54794 20210503  2.623  -70.93   43.17    17.4     8.0    12.7    12.4     0.0    14.52 C    25.0     7.6    13.7    71.7    36.7    47.8   0.239   0.191 -99.000 -99.000 -99.000    12.4    11.7 -9999.0 -9999.0 -9999.0
54794 20210504  2.623  -70.93   43.17    13.9     6.4    10.2    10.0     3.3     9.25 C    18.4     6.4    10.7    88.3    37.0    62.9   0.241   0.193 -99.000 -99.000 -99.000    11.8    11.2 -9999.0 -9999.0 -9999.0
54794 20210505  2.623  -70.93   43.17     9.2     7.0     8.1     7.8    22.6     3.14 C     9.7     7.1     8.1    91.8    66.1    87.7   0.291   0.237 -99.000 -99.000 -99.000    10.8    10.5 -9999.0 -9999.0 -9999.0
54794 20210506  2.623  -70.93   43.17    16.5     7.3    11.9    11.4     0.0    25.36 C    22.6     6.8    13.2    92.4    24.7    54.6   0.271   0.219 -99.000 -99.000 -99.000    12.1    11.3 -9999.0 -9999.0 -9999.0
54794 20210507  2.623  -70.93   43.17    13.4     2.7     8.0     8.5     0.0    24.77 C    20.3     2.1    10.7    82.2    31.5    53.2   0.255   0.200 -99.000 -99.000 -99.000    12.4    11.7 -9999.0 -9999.0 -9999.0
54794 20210508  2.623  -70.93   43.17    12.2     1.5     6.9     8.6     0.0    10.66 C    16.6     0.9     9.4    82.1    39.1    57.6   0.248   0.190 -99.000 -99.000 -99.000    11.0    10.8 -9999.0 -9999.0 -9999.0
54794 20210509  2.623  -70.93   43.17    18.7     7.5    13.1    13.2     0.0    20.64 C    25.3     6.6    14.8    61.6    25.9    43.6   0.242   0.182 -99.000 -99.000 -99.000    12.2    11.5 -9999.0 -9999.0 -9999.0
54794 20210510  2.623  -70.93   43.17    17.4     8.3    12.9    12.2     1.2    14.16 C    23.5     8.1    13.3    88.4    42.7    62.0   0.238   0.177 -99.000 -99.000 -99.000    13.0    12.2 -9999.0 -9999.0 -9999.0
54794 20210511  2.623  -70.93   43.17    16.2     6.5    11.4    12.1     0.0    19.14 C    22.6     5.3    13.3    61.2    20.5    39.0   0.228   0.171 -99.000 -99.000 -99.000    12.8    12.3 -9999.0 -9999.0 -9999.0
54794 20210512  2.623  -70.93   43.17    18.1     3.7    10.9    11.4     0.0    18.34 C    24.3     2.7    12.7    63.2    26.2    45.7   0.210   0.164 -99.000 -99.000 -99.000    12.2    11.7 -9999.0 -9999.0 -9999.0
54794 20210513  2.623  -70.93   43.17    20.6     3.3    12.0    13.1     0.0    21.01 C    27.5     2.9    15.0    83.5    16.1    45.7   0.203   0.158 -99.000 -99.000 -99.000    12.7    12.1 -9999.0 -9999.0 -9999.0
54794 20210514  2.623  -70.93   43.17    24.0     4.9    14.4    15.5     0.0    20.50 C    29.7     4.0    17.1    78.4    16.4    44.4   0.195   0.151 -99.000 -99.000 -99.000    13.2    12.4 -9999.0 -9999.0 -9999.0
54794 20210515  2.623  -70.93   43.17    23.8     6.3    15.1    15.4     0.0    22.15 C    30.7     5.6    17.1    81.9    21.0    50.3   0.186   0.144 -99.000 -99.000 -99.000    13.9    13.1 -9999.0 -9999.0 -9999.0
54794 20210516  2.623  -70.93   43.17    24.5     6.4    15.5    15.6     0.0    18.93 C    30.7     5.8    16.8    87.1    14.2    51.6   0.178   0.137 -99.000 -99.000 -99.000    14.4    13.5 -9999.0 -9999.0 -9999.0
54794 20210517  2.623  -70.93   43.17    23.4     6.9    15.2    15.2     0.0    24.73 C    30.9     6.2    17.4    85.6    26.8    57.4   0.178   0.131 -99.000 -99.000 -99.000    15.0    14.1 -9999.0 -9999.0 -9999.0
54794 20210518  2.623  -70.93   43.17    26.5     6.6    16.5    17.8     0.0    18.09 C    30.7     5.9    18.8    90.9    22.2    52.7   0.182   0.125 -99.000 -99.000 -99.000    15.1    14.2 -9999.0 -9999.0 -9999.0
54794 20210519  2.623  -70.93   43.17    25.8     9.3    17.5    17.7     0.0    22.55 C    31.4     8.5    19.1    78.2    18.7    44.3   0.174   0.119 -99.000 -99.000 -99.000    16.3    15.2 -9999.0 -9999.0 -9999.0
54794 20210520  2.623  -70.93   43.17    21.5     6.8    14.1    13.8     0.0    24.67 C    27.7     6.2    16.1    90.1    34.7    66.9   0.150   0.113 -99.000 -99.000 -99.000    16.0    15.1 -9999.0 -9999.0 -9999.0
54794 20210521  2.623  -70.93   43.17    25.8     8.7    17.2    17.1     0.0    18.91 C    31.7     8.2    18.7    90.3    40.6    69.0   0.129   0.106 -99.000 -99.000 -99.000    16.4    15.5 -9999.0 -9999.0 -9999.0
54794 20210522  2.623  -70.93   43.17    31.2    15.3    23.2    21.8     0.3    15.26 C    37.1    15.1    23.0    87.4    29.5    67.5   0.122   0.101 -99.000 -99.000 -99.000    17.7    16.5 -9999.0 -9999.0 -9999.0
54794 20210523  2.623  -70.93   43.17    29.5    10.9    20.2    21.0     0.0    18.82 C    34.3     9.8    22.0    87.7    39.2    58.5   0.112   0.097 -99.000 -99.000 -99.000    17.9    16.9 -9999.0 -9999.0 -9999.0
54794 20210524  2.623  -70.93   43.17    18.2     5.6    11.9    13.2     0.0    26.23 C    24.3     5.1    15.2    85.3    33.0    54.2   0.102   0.094 -99.000 -99.000 -99.000    16.5    15.9 -9999.0 -9999.0 -9999.0
54794 20210525  2.623  -70.93   43.17    26.6     7.2    16.9    18.5     0.0    24.27 C    29.2     7.2    19.8    70.2    38.2    51.2   0.093   0.091 -99.000 -99.000 -99.000    17.0    16.1 -9999.0 -9999.0 -9999.0
54794 20210526  2.623  -70.93   43.17    32.9    17.3    25.1    23.9     1.5    23.51 C    36.6    16.8    25.0    88.0    30.0    59.8   0.082   0.085 -99.000 -99.000 -99.000    19.3    17.8 -9999.0 -9999.0 -9999.0
54794 20210527  2.623  -70.93   43.17    24.2    11.8    18.0    19.8     0.0    25.66 C    29.0    10.7    21.4    87.5    33.3    52.2   0.073   0.079 -99.000 -99.000 -99.000    19.4    18.2 -9999.0 -9999.0 -9999.0
54794 20210528  2.623  -70.93   43.17    14.2     6.7    10.5    10.8    11.5    20.52 C    20.7     6.5    12.5    89.0    34.0    53.9   0.072   0.072 -99.000 -99.000 -99.000    16.8    16.4 -9999.0 -9999.0 -9999.0
54794 20210529  2.623  -70.93   43.17     8.6     6.2     7.4     7.1    16.2     4.67 C     8.9     5.8     7.0    89.2    66.7    82.1   0.205   0.140 -99.000 -99.000 -99.000    13.1    13.4 -9999.0 -9999.0 -9999.0
54794 20210530  2.623  -70.93   43.17     9.8     6.9     8.4     8.2    23.9     4.16 C    10.7     6.5     8.1    90.4    65.9    81.2   0.232   0.181 -99.000 -99.000 -99.000    12.2    12.3 -9999.0 -9999.0 -9999.0
54794 20210531  2.623  -70.93   43.17    15.1     8.4    11.8    11.4     3.4     7.65 C    17.5     7.8    11.9    90.6    66.3    83.0   0.274   0.228 -99.000 -99.000 -99.000    12.7    12.5 -9999.0 -9999.0 -9999.0
54794 20210601  2.623  -70.93   43.17    24.9     6.5    15.7    16.2     0.0    23.91 C    29.8     5.8    17.9    91.5    28.4    61.0   0.235   0.202 -99.000 -99.000 -99.000    14.7    13.9 -9999.0 -9999.0 -9999.0
54794 20210602  2.623  -70.93   43.17    26.7     7.7    17.2    19.3     0.0    26.58 C    31.8     7.3    21.2    90.6    24.7    56.4   0.210   0.182 -99.000 -99.000 -99.000    16.6    15.6 -9999.0 -9999.0 -9999.0
54794 20210603  2.623  -70.93   43.17    24.8    15.9    20.3    20.6     0.3    22.27 C    28.8    15.5    21.7    84.7    38.4    64.5   0.194   0.166 -99.000 -99.000 -99.000    18.4    17.3 -9999.0 -9999.0 -9999.0
54794 20210604  2.623  -70.93   43.17    25.6    15.9    20.7    21.1     0.0    16.14 C    30.1    15.2    22.4    90.0    45.0    71.8   0.185   0.156 -99.000 -99.000 -99.000    18.9    17.9 -9999.0 -9999.0 -9999.0
54794 20210605  2.623  -70.93   43.17    31.4    13.0    22.2    23.1     0.2    21.03 C    34.3    12.4    24.2    92.2    37.7    64.9   0.174   0.147 -99.000 -99.000 -99.000    19.3    18.2 -9999.0 -9999.0 -9999.0
54794 20210606  2.623  -70.93   43.17    32.6    18.7    25.6    25.4     0.0    23.55 C    36.4    18.4    26.9    85.6    30.6    58.2   0.161   0.136 -99.000 -99.000 -99.000    20.6    19.4 -9999.0 -9999.0 -9999.0
54794 20210607  2.623  -70.93   43.17    33.1    16.8    24.9    26.3     0.0    25.10 C    36.4    16.4    27.9    90.9    29.0    56.8   0.145   0.126 -99.000 -99.000 -99.000    21.2    20.0 -9999.0 -9999.0 -9999.0
54794 20210608  2.623  -70.93   43.17    32.7    21.4    27.0    25.9     2.1    19.65 C    38.6    21.2    27.2    90.4    44.6    69.6   0.129   0.116 -99.000 -99.000 -99.000    21.9    20.6 -9999.0 -9999.0 -9999.0
54794 20210609  2.623  -70.93   43.17    30.4    14.6    22.5    24.3     0.9    22.38 C    35.8    13.9    26.2    92.0    32.5    66.5   0.121   0.109 -99.000 -99.000 -99.000    22.1    20.9 -9999.0 -9999.0 -9999.0
54794 20210610  2.623  -70.93   43.17    21.8    10.2    16.0    16.3     0.0    26.23 C    27.7     9.7    17.9    85.1    29.9    58.2   0.113   0.103 -99.000 -99.000 -99.000    19.8    19.3 -9999.0 -9999.0 -9999.0
54794 20210611  2.623  -70.93   43.17    16.3    10.2    13.3    13.5     0.0     6.62 C    19.3     9.6    14.0    89.2    48.9    73.4   0.107   0.096 -99.000 -99.000 -99.000    17.3    17.2 -9999.0 -9999.0 -9999.0
54794 20210612  2.623  -70.93   43.17    23.2    12.3    17.8    17.7     2.1    25.77 C    28.5    12.0    19.8    90.8    44.0    66.8   0.107   0.094 -99.000 -99.000 -99.000    18.4    17.6 -9999.0 -9999.0 -9999.0
54794 20210613  2.623  -70.93   43.17    27.6     9.5    18.6    19.8     0.0    24.25 C    33.2     8.8    21.9    91.5    32.8    60.6   0.096   0.089 -99.000 -99.000 -99.000    18.7    18.0 -9999.0 -9999.0 -9999.0
54794 20210614  2.623  -70.93   43.17    19.0    11.5    15.3    16.4     6.3     7.71 C    24.0    11.2    16.7    91.8    55.4    79.2   0.085   0.084 -99.000 -99.000 -99.000    17.6    17.2 -9999.0 -9999.0 -9999.0
54794 20210615  2.623  -70.93   43.17    22.0    14.3    18.2    17.3     7.6    11.65 C    27.6    13.5    18.5    93.0    70.4    86.5   0.101   0.093 -99.000 -99.000 -99.000    18.2    17.4 -9999.0 -9999.0 -9999.0
54794 20210616  2.623  -70.93   43.17    21.7    10.1    15.9    16.5     0.0    27.42 C    26.5     9.1    18.4    91.9    31.1    61.4   0.123   0.112 -99.000 -99.000 -99.000    18.1    17.5 -9999.0 -9999.0 -9999.0
54794 20210617  2.623  -70.93   43.17    24.2     6.9    15.5    16.6     0.0    28.74 C    29.5     6.3    19.0    88.5    22.7    54.3   0.116   0.104 -99.000 -99.000 -99.000    17.5    17.0 -9999.0 -9999.0 -9999.0
54794 20210618  2.623  -70.93   43.17    26.7     6.7    16.7    19.3     0.0    27.19 C    30.5     6.2    21.1    91.4    27.9    54.6   0.104   0.095 -99.000 -99.000 -99.000    17.9    17.2 -9999.0 -9999.0 -9999.0
54794 20210619  2.623  -70.93   43.17    29.2    19.3    24.2    23.9 -9999.0    21.54 C    34.4    19.0    25.2    66.2    28.6    50.2   0.094   0.087 -99.000 -99.000 -99.000    19.7    18.6 -9999.0 -9999.0 -9999.0
54794 20210620  2.623  -70.93   43.17    29.7    17.2    23.5    23.7 -9999.0    24.43 C    35.5    17.3    25.9    80.9    33.2    55.1   0.082   0.078 -99.000 -99.000 -99.000    20.2    19.1 -9999.0 -9999.0 -9999.0
54794 20210621  2.623  -70.93   43.17    30.5    16.8    23.6    24.6     0.0    23.43 C    34.4    16.5    26.1    90.8    52.2    70.2   0.071   0.071 -99.000 -99.000 -99.000    21.0    19.7 -9999.0 -9999.0 -9999.0
54794 20210622  2.623  -70.93   43.17    25.7    14.2    20.0    20.3     6.3     8.27 C    30.3    13.8    20.9    90.4    57.9    81.0   0.065   0.065 -99.000 -99.000 -99.000    20.3    19.5 -9999.0 -9999.0 -9999.0
54794 20210623  2.623  -70.93   43.17    22.3     9.2    15.7    15.8     0.0    25.91 C    28.6     8.5    18.0    88.9    31.4    59.6   0.067   0.062 -99.000 -99.000 -99.000    18.6    18.1 -9999.0 -9999.0 -9999.0
54794 20210624  2.623  -70.93   43.17    22.9     6.6    14.7    15.8     0.0    28.51 C    27.8     6.3    17.7    91.8    33.2    63.0   0.066   0.060 -99.000 -99.000 -99.000    17.9    17.3 -9999.0 -9999.0 -9999.0
54794 20210625  2.623  -70.93   43.17    20.2     9.8    15.0    16.2     0.7    10.42 C    23.6     9.3    17.0    91.2    73.3    83.3   0.064   0.058 -99.000 -99.000 -99.000    17.5    17.0 -9999.0 -9999.0 -9999.0
54794 20210626  2.623  -70.93   43.17    28.6    16.5    22.5    22.6     0.0    14.49 C    32.2    16.4    23.4    90.6    53.3    73.2   0.062   0.057 -99.000 -99.000 -99.000    19.1    18.0 -9999.0 -9999.0 -9999.0
54794 20210627  2.623  -70.93   43.17    31.1    21.4    26.3    26.4     0.0    23.38 C    34.8    21.0    27.5    83.1    48.8    66.9   0.057   0.054 -99.000 -99.000 -99.000    21.4    19.8 -9999.0 -9999.0 -9999.0
54794 20210628  2.623  -70.93   43.17    34.3    22.0    28.1    28.8     0.0    23.71 C    39.8    21.8    30.7    85.6    42.5    62.8   0.051   0.050 -99.000 -99.000 -99.000    22.8    21.1 -9999.0 -9999.0 -9999.0
54794 20210629  2.623  -70.93   43.17    34.6    23.3    28.9    28.4 -9999.0    24.27 C    40.6    22.8    31.0    85.2    40.6    64.4   0.045   0.043 -99.000 -99.000 -99.000    23.7    22.0 -9999.0 -9999.0 -9999.0
54794 20210630  2.623  -70.93   43.17    34.2    21.7    28.0    26.5 -9999.0    20.24 C    40.6    21.2    28.2    87.9    40.4    70.0   0.040   0.037 -99.000 -99.000 -99.000    23.7    22.1 -9999.0 -9999.0 -9999.0
54794 20210701  2.623  -70.93   43.17    26.3    17.8    22.1    22.5 -9999.0    11.94 C    32.4    17.6    23.8    91.6    56.2    78.2   0.038   0.032 -99.000 -99.000 -99.000    22.3    21.3 -9999.0 -9999.0 -9999.0
54794 20210702  2.623  -70.93   43.17    18.4    13.2    15.8    14.7 -9999.0     2.84 C    18.2    13.0    14.5    91.1    84.4    88.6   0.160   0.133 -99.000 -99.000 -99.000    18.8    18.8 -9999.0 -9999.0 -9999.0
54794 20210703  2.623  -70.93   43.17    14.3    12.6    13.4    13.3 -9999.0     3.83 C    15.5    12.3    13.2    91.4    82.8    88.6   0.195   0.163 -99.000 -99.000 -99.000    16.9    17.0 -9999.0 -9999.0 -9999.0
54794 20210704  2.623  -70.93   43.17    18.5    12.1    15.3    14.7 -9999.0    10.45 C    22.2    11.7    15.4    91.4    71.3    85.0   0.253   0.226 -99.000 -99.000 -99.000    16.7    16.5 -9999.0 -9999.0 -9999.0
54794 20210705  2.623  -70.93   43.17    23.2     9.7    16.5    16.6 -9999.0    21.31 C    27.8     9.0    18.3    92.5    57.4    79.3   0.219   0.194 -99.000 -99.000 -99.000    18.0    17.3 -9999.0 -9999.0 -9999.0
54794 20210706  2.623  -70.93   43.17    29.8    15.4    22.6    23.1 -9999.0    13.77 C    34.2    15.3    24.1    92.1    57.6    79.1   0.209   0.183 -99.000 -99.000 -99.000    19.7    18.7 -9999.0 -9999.0 -9999.0
54794 20210707  2.623  -70.93   43.17    29.4    17.3    23.4    23.9 -9999.0    20.59 C    36.7    17.5    26.3    88.9    50.4    69.9   0.196   0.171 -99.000 -99.000 -99.000    21.3    20.2 -9999.0 -9999.0 -9999.0
54794 20210708  2.623  -70.93   43.17    19.2    14.1    16.6    16.3 -9999.0    10.70 C    22.9    14.0    16.8    91.4    60.3    80.2   0.205   0.176 -99.000 -99.000 -99.000    19.7    19.4 -9999.0 -9999.0 -9999.0
54794 20210709  2.623  -70.93   43.17    21.6    14.4    18.0    17.4 -9999.0     3.34 C    24.2    14.3    17.5    92.6    79.8    90.1   0.260   0.230 -99.000 -99.000 -99.000    18.2    18.0 -9999.0 -9999.0 -9999.0
54794 20210710  2.623  -70.93   43.17    24.3    13.6    19.0    18.8 -9999.0    15.84 C    30.6    13.1    20.4    92.0    60.3    78.3   0.251   0.222 -99.000 -99.000 -99.000    19.3    18.7 -9999.0 -9999.0 -9999.0
54794 20210711  2.623  -70.93   43.17    26.0    11.8    18.9    20.2 -9999.0    17.91 C    32.9    11.4    21.9    93.0    53.2    78.5   0.234   0.208 -99.000 -99.000 -99.000    19.6    18.9 -9999.0 -9999.0 -9999.0
54794 20210712  2.623  -70.93   43.17    23.1    17.2    20.2    19.0 -9999.0    11.03 C    28.7    17.0    19.8    92.3    65.8    85.4   0.285   0.248 -99.000 -99.000 -99.000    19.9    19.3 -9999.0 -9999.0 -9999.0
54794 20210713  2.623  -70.93   43.17    21.1    16.6    18.8    18.3 -9999.0     8.16 C    24.3    16.4    18.8    92.8    74.5    87.1   0.267   0.232 -99.000 -99.000 -99.000    19.7    19.2 -9999.0 -9999.0 -9999.0
54794 20210714  2.623  -70.93   43.17    23.6    17.3    20.4    19.9 -9999.0     6.95 C    27.2    17.2    20.7    93.1    80.7    90.0   0.259   0.223 -99.000 -99.000 -99.000    19.9    19.3 -9999.0 -9999.0 -9999.0
54794 20210715  2.623  -70.93   43.17    28.2    18.6    23.4    22.7 -9999.0    19.06 C    35.4    18.5    24.6    93.2    65.6    83.9   0.244   0.212 -99.000 -99.000 -99.000    21.6    20.5 -9999.0 -9999.0 -9999.0
54794 20210716  2.623  -70.93   43.17    31.2    18.2    24.7    24.8 -9999.0    23.09 C    37.2    18.1    26.7    93.4    45.4    73.4   0.228   0.198 -99.000 -99.000 -99.000    22.3    21.3 -9999.0 -9999.0 -9999.0
54794 20210717  2.623  -70.93   43.17    26.9    18.7    22.8    22.0 -9999.0    18.76 C    34.4    18.6    24.0    91.9    52.1    74.2   0.215   0.186 -99.000 -99.000 -99.000    22.4    21.6 -9999.0 -9999.0 -9999.0
54794 20210718  2.623  -70.93   43.17    21.6    17.7    19.6    18.9 -9999.0     6.23 C    24.5    17.5    19.4    92.0    76.7    87.0   0.272   0.231 -99.000 -99.000 -99.000    20.8    20.5 -9999.0 -9999.0 -9999.0
54794 20210719  2.623  -70.93   43.17    23.6    17.6    20.6    19.5 -9999.0     8.53 C    29.4    17.5    20.5    92.3    70.0    86.8   0.271   0.229 -99.000 -99.000 -99.000    20.6    20.1 -9999.0 -9999.0 -9999.0
54794 20210720  2.623  -70.93   43.17    28.2    15.6    21.9    21.9    12.7    20.66 C    34.5    15.3    24.1    93.3    54.3    79.1   0.254   0.215 -99.000 -99.000 -99.000    21.3    20.6 -9999.0 -9999.0 -9999.0
54794 20210721  2.623  -70.93   43.17    26.5    15.8    21.1    20.7     1.2    22.32 C    32.1    15.2    22.7    91.7    48.8    73.5   0.274   0.231 -99.000 -99.000 -99.000    21.5    20.9 -9999.0 -9999.0 -9999.0
54794 20210722  2.623  -70.93   43.17    26.3    13.3    19.8    19.4     0.0    22.25 C    33.1    12.9    22.0    91.2    39.5    66.7   0.246   0.207 -99.000 -99.000 -99.000    20.7    20.3 -9999.0 -9999.0 -9999.0
54794 20210723  2.623  -70.93   43.17    26.2    12.0    19.1    18.5     0.0    20.30 C    33.9    11.6    20.6    91.3    36.5    70.6   0.225   0.195 -99.000 -99.000 -99.000    20.1    19.8 -9999.0 -9999.0 -9999.0
54794 20210724  2.623  -70.93   43.17 -9999.0    10.8 -9999.0 -9999.0     0.0    25.90 C    32.1    10.5    20.9    92.0    43.6    68.2   0.216   0.184 -99.000 -99.000 -99.000    20.0    19.6 -9999.0 -9999.0 -9999.0
54794 20210725  2.623  -70.93   43.17    23.9    13.6    18.8    18.6     5.4     7.52 C    26.7    13.3    18.7    93.3    72.4    86.7   0.223   0.187 -99.000 -99.000 -99.000    19.3    19.1 -9999.0 -9999.0 -9999.0
54794 20210726  2.623  -70.93   43.17    28.0    16.1    22.0    22.3     0.0    21.15 C    34.4    16.0    24.3    93.4    51.2    75.9   0.220   0.188 -99.000 -99.000 -99.000    20.5    19.8 -9999.0 -9999.0 -9999.0
54794 20210727  2.623  -70.93   43.17    28.8    16.2    22.5    21.5    22.5    21.85 C    35.3    15.7    23.8    92.2    39.2    72.7   0.233   0.197 -99.000 -99.000 -99.000    21.0    20.5 -9999.0 -9999.0 -9999.0
54794 20210728  2.623  -70.93   43.17    23.6    12.3    18.0    18.2     2.0    20.79 C    31.1    11.6    19.8    92.3    44.3    74.2   0.268   0.227 -99.000 -99.000 -99.000    20.8    20.4 -9999.0 -9999.0 -9999.0
54794 20210729  2.623  -70.93   43.17    24.1    11.4    17.7    17.4    41.8    11.19 C    29.4    10.6    18.0    92.2    61.5    84.6   0.274   0.232 -99.000 -99.000 -99.000    19.3    19.2 -9999.0 -9999.0 -9999.0
54794 20210730  2.623  -70.93   43.17    24.5    13.4    18.9    19.4     0.0    21.21 C    29.7    12.9    21.2    91.9    45.4    66.0   0.271   0.231 -99.000 -99.000 -99.000    19.9    19.5 -9999.0 -9999.0 -9999.0
54794 20210731  2.623  -70.93   43.17    23.2    11.4    17.3    16.9     0.0    23.29 C    29.2    10.9    18.7    88.1    35.6    57.4   0.245   0.208 -99.000 -99.000 -99.000    19.1    18.9 -9999.0 -9999.0 -9999.0
54794 20210801  2.623  -70.93   43.17    24.2    11.1    17.6    18.0     0.0    20.37 C    28.9    10.9    19.6    90.9    41.9    69.2   0.229   0.194 -99.000 -99.000 -99.000    19.0    18.7 -9999.0 -9999.0 -9999.0
54794 20210802  2.623  -70.93   43.17    24.9    13.5    19.2    19.4     0.3    22.30 C    30.9    12.7    21.4    91.7    43.3    69.5   0.219   0.184 -99.000 -99.000 -99.000    19.8    19.4 -9999.0 -9999.0 -9999.0
54794 20210803  2.623  -70.93   43.17    23.6    10.7    17.2    18.1     0.0    18.25 C    28.2    10.2    19.7    90.9    43.2    71.1   0.210   0.175 -99.000 -99.000 -99.000    18.9    18.7 -9999.0 -9999.0 -9999.0
54794 20210804  2.623  -70.93   43.17    24.4    13.1    18.8    19.0     0.0    16.62 C    29.8    12.7    20.4    92.0    49.8    75.2   0.199   0.168 -99.000 -99.000 -99.000    19.2    18.8 -9999.0 -9999.0 -9999.0
54794 20210805  2.623  -70.93   43.17    20.5    16.7    18.6    18.1    18.8     5.28 C    21.9    16.5    18.2    92.6    84.7    90.1   0.247   0.205 -99.000 -99.000 -99.000    19.2    18.9 -9999.0 -9999.0 -9999.0
54794 20210806  2.623  -70.93   43.17    28.9    14.6    21.8    21.8     0.0    23.53 C    34.4    14.2    23.9    93.8    40.8    76.2   0.257   0.215 -99.000 -99.000 -99.000    20.1    19.5 -9999.0 -9999.0 -9999.0
54794 20210807  2.623  -70.93   43.17    29.8    15.9    22.9    23.5     0.0    17.66 C    34.7    15.5    25.1    92.6    53.3    75.3   0.236   0.197 -99.000 -99.000 -99.000    20.9    20.3 -9999.0 -9999.0 -9999.0
54794 20210808  2.623  -70.93   43.17 -9999.0    18.4 -9999.0    22.3     0.0    18.67 C    33.9    18.0    24.2    91.1    58.4    78.0   0.219   0.185 -99.000 -99.000 -99.000    21.7    21.0 -9999.0 -9999.0 -9999.0
54794 20210809  2.623  -70.93   43.17 -9999.0    17.4 -9999.0 -9999.0     0.0    15.66 C    28.0    17.4    20.9    91.1    71.3    82.9   0.209   0.176 -99.000 -99.000 -99.000    21.1    20.7 -9999.0 -9999.0 -9999.0
54794 20210810  2.623  -70.93   43.17    24.7    17.1    20.9 -9999.0     0.0    12.27 C    31.7    17.1    21.2    90.9    69.2    83.9   0.202   0.170 -99.000 -99.000 -99.000    20.8    20.4 -9999.0 -9999.0 -9999.0
54794 20210811  2.623  -70.93   43.17    31.0    19.4    25.2    25.0     0.0    18.78 C    34.9    19.3    26.5    92.5    58.8    79.3   0.196   0.164 -99.000 -99.000 -99.000    22.0    21.2 -9999.0 -9999.0 -9999.0
54794 20210812  2.623  -70.93   43.17    32.6    22.6    27.6    26.8     1.2    21.57 C    37.4    22.4    28.8    91.9    50.1    76.1   0.187   0.156 -99.000 -99.000 -99.000    23.3    22.5 -9999.0 -9999.0 -9999.0
54794 20210813  2.623  -70.93   43.17    31.3    20.8    26.0    25.5     0.0    21.61 C    37.1    20.6    27.7    91.4    47.1    75.0   0.179   0.149 -99.000 -99.000 -99.000    23.4    22.7 -9999.0 -9999.0 -9999.0
54794 20210814  2.623  -70.93   43.17    30.6    17.3    24.0    24.3     0.0    19.93 C    36.2    16.9    26.2    92.6    51.8    71.7   0.169   0.142 -99.000 -99.000 -99.000    23.0    22.4 -9999.0 -9999.0 -9999.0
54794 20210815  2.623  -70.93   43.17    25.6    14.4    20.0    19.6     0.0    23.65 C    32.4    13.7    22.2    82.9    37.1    61.9   0.162   0.133 -99.000 -99.000 -99.000    21.3    21.2 -9999.0 -9999.0 -9999.0
54794 20210816  2.623  -70.93   43.17 -9999.0    11.4 -9999.0    17.6     0.0    22.11 C    31.0    10.9    20.1    91.4    43.2    70.1   0.154   0.125 -99.000 -99.000 -99.000    20.0    20.0 -9999.0 -9999.0 -9999.0
54794 20210817  2.623  -70.93   43.17    28.1    12.1    20.1    21.0     0.0    18.55 C    33.6    11.3    22.6    92.3    50.3    74.1   0.144   0.117 -99.000 -99.000 -99.000    20.1    19.8 -9999.0 -9999.0 -9999.0
54794 20210818  2.623  -70.93   43.17    28.3    19.6    24.0    24.0     0.0    13.71 C    34.5    19.4    25.2    86.1    62.5    75.7   0.136   0.112 -99.000 -99.000 -99.000    21.6    20.9 -9999.0 -9999.0 -9999.0
54794 20210819  2.623  -70.93   43.17    24.0    20.9    22.4    22.3    32.7     5.17 C    25.9    20.8    22.5    92.2    77.6    88.4   0.190   0.155 -99.000 -99.000 -99.000    21.7    21.2 -9999.0 -9999.0 -9999.0
54794 20210820  2.623  -70.93   43.17    28.8    20.4    24.6    23.7     0.0    14.29 C    36.7    20.3    25.6    93.1    58.3    83.5   0.237   0.197 -99.000 -99.000 -99.000    22.3    21.6 -9999.0 -9999.0 -9999.0
54794 20210821  2.623  -70.93   43.17 -9999.0    19.3 -9999.0    22.6     0.0    15.16 C    32.9    19.3    24.1    93.3    65.0    84.8   0.213   0.178 -99.000 -99.000 -99.000    22.4    21.9 -9999.0 -9999.0 -9999.0
54794 20210822  2.623  -70.93   43.17    20.6    18.9    19.7    19.6 -9999.0     3.08 C    21.6    18.8    19.6    92.7    85.3    91.0   0.247   0.198 -99.000 -99.000 -99.000    21.1    21.0 -9999.0 -9999.0 -9999.0
54794 20210823  2.623  -70.93   43.17    21.9    19.1    20.5    20.6 -9999.0     4.89 C    23.2    19.1    20.8    93.5    88.4    91.8   0.284   0.233 -99.000 -99.000 -99.000    21.0    20.7 -9999.0 -9999.0 -9999.0
54794 20210824  2.623  -70.93   43.17    30.8    19.1    24.9    24.0 -9999.0    19.67 C    37.8    19.0    26.5    92.6    52.0    79.9   0.286   0.242 -99.000 -99.000 -99.000    21.8    21.3 -9999.0 -9999.0 -9999.0
54794 20210825  2.623  -70.93   43.17    31.0    18.1    24.6    23.8     0.0    20.64 C    38.8    17.3    26.4    93.2    38.0    76.1   0.254   0.214 -99.000 -99.000 -99.000    22.1    21.6 -9999.0 -9999.0 -9999.0
54794 20210826  2.623  -70.93   43.17    32.5    18.3    25.4    25.9     0.0    20.36 C    38.7    18.1    28.1    93.0    46.4    76.2   0.237   0.197 -99.000 -99.000 -99.000    22.5    22.0 -9999.0 -9999.0 -9999.0
54794 20210827  2.623  -70.93   43.17    30.6    18.1    24.3    24.5     0.0    19.73 C    38.4    17.3    27.0    91.5    46.0    67.7   0.220   0.184 -99.000 -99.000 -99.000    22.8    22.3 -9999.0 -9999.0 -9999.0
54794 20210828  2.623  -70.93   43.17 -9999.0    14.8 -9999.0    17.1     0.0    12.49 C    25.2    14.7    18.0    87.2    46.5    66.3   0.210   0.173 -99.000 -99.000 -99.000    20.7    20.7 -9999.0 -9999.0 -9999.0
54794 20210829  2.623  -70.93   43.17    19.2    14.6    16.9    16.8     0.6     6.21 C    21.9    14.4    17.4    90.2    68.5    83.6   0.207   0.169 -99.000 -99.000 -99.000    19.6    19.7 -9999.0 -9999.0 -9999.0
54794 20210830  2.623  -70.93   43.17    28.2    16.3    22.2    22.4     0.0    10.42 C    32.2    16.2    23.1    92.3    64.2    81.8   0.205   0.167 -99.000 -99.000 -99.000    20.4    20.0 -9999.0 -9999.0 -9999.0
54794 20210831  2.623  -70.93   43.17    26.4    15.6    21.0    20.9     0.0    15.95 C    31.8    15.0    22.3    92.6    47.1    74.2   0.199   0.161 -99.000 -99.000 -99.000    20.6    20.3 -9999.0 -9999.0 -9999.0
54794 20210901  2.623  -70.93   43.17    22.4    13.7    18.0    18.0    21.4     9.22 C    28.0    13.4    19.2    90.9    57.5    79.9   0.202   0.161 -99.000 -99.000 -99.000    19.6    19.5 -9999.0 -9999.0 -9999.0
54794 20210902  2.623  -70.93   43.17    22.6    13.5    18.1    16.6    44.0    11.56 C    29.7    13.2    17.8    91.3    50.8    74.7   0.297   0.245 -99.000 -99.000 -99.000    17.8    18.0 -9999.0 -9999.0 -9999.0
54794 20210903  2.623  -70.93   43.17    22.2    12.4    17.3    17.0     0.0    15.35 C    29.4    12.0    18.8    84.2    45.4    66.5   0.266   0.220 -99.000 -99.000 -99.000    17.9    18.2 -9999.0 -9999.0 -9999.0
54794 20210904  2.623  -70.93   43.17    24.5    11.8    18.1    18.0     0.0    20.70 C    31.0    11.1    20.2    90.9    36.0    66.7   0.250   0.205 -99.000 -99.000 -99.000    18.0    18.1 -9999.0 -9999.0 -9999.0
54794 20210905  2.623  -70.93   43.17    20.8    11.5    16.1    16.4     0.5     5.35 C    22.5    10.9    16.6    91.9    75.0    85.9   0.241   0.196 -99.000 -99.000 -99.000    17.6    17.6 -9999.0 -9999.0 -9999.0
54794 20210906  2.623  -70.93   43.17    26.2    13.4    19.8    20.1     0.0    17.67 C    32.1    13.1    21.7    92.1    39.5    70.0   0.234   0.192 -99.000 -99.000 -99.000    18.9    18.6 -9999.0 -9999.0 -9999.0
54794 20210907  2.623  -70.93   43.17    24.6    10.6    17.6    17.6     0.0    19.24 C    31.9    10.2    19.9    91.8    42.1    69.8   0.225   0.183 -99.000 -99.000 -99.000    18.1    18.1 -9999.0 -9999.0 -9999.0
54794 20210908  2.623  -70.93   43.17    27.5    11.1    19.3    20.1     0.0    16.60 C    30.5    10.4    20.9    93.0    43.2    72.9   0.216   0.175 -99.000 -99.000 -99.000    18.2    18.0 -9999.0 -9999.0 -9999.0
54794 20210909  2.623  -70.93   43.17    23.0    18.4    20.7    20.2    21.9     3.50 C    24.1    18.2    20.2    92.6    74.6    89.7   0.240   0.188 -99.000 -99.000 -99.000    19.5    19.1 -9999.0 -9999.0 -9999.0
54794 20210910  2.623  -70.93   43.17    23.1    11.2    17.2    18.1     1.2    17.05 C    28.5    10.9    19.8    92.7    49.2    73.9   0.292   0.238 -99.000 -99.000 -99.000    19.2    19.0 -9999.0 -9999.0 -9999.0
54794 20210911  2.623  -70.93   43.17    23.8     8.0    15.9    16.4     0.0    17.83 C    29.3     7.4    18.1    91.7    41.8    69.7   0.274   0.218 -99.000 -99.000 -99.000    17.5    17.8 -9999.0 -9999.0 -9999.0
54794 20210912  2.623  -70.93   43.17    25.8    12.9    19.4    19.8     0.0    14.42 C    29.1    12.6    20.6    90.8    58.3    76.5   0.260   0.206 -99.000 -99.000 -99.000    18.2    18.1 -9999.0 -9999.0 -9999.0
54794 20210913  2.623  -70.93   43.17    24.2    12.2    18.2    19.1     6.9    17.36 C    30.4    11.9    21.2    91.8    44.9    75.5   0.280   0.219 -99.000 -99.000 -99.000    19.2    18.9 -9999.0 -9999.0 -9999.0
54794 20210914  2.623  -70.93   43.17 -9999.0    11.4 -9999.0 -9999.0     0.0    16.82 C    28.7    11.2    18.7    91.6    50.8    74.1   0.263   0.209 -99.000 -99.000 -99.000    18.1    18.1 -9999.0 -9999.0 -9999.0
54794 20210915  2.623  -70.93   43.17    28.3    17.4    22.9    21.3     4.5    10.66 C    30.9    17.3    21.9    91.9    58.7    80.1   0.260   0.203 -99.000 -99.000 -99.000    19.3    18.9 -9999.0 -9999.0 -9999.0
54794 20210916  2.623  -70.93   43.17    20.1    14.0    17.1    17.9     0.9     7.37 C    23.1    13.6    18.4    92.0    64.3    82.2   0.270   0.209 -99.000 -99.000 -99.000    19.3    19.1 -9999.0 -9999.0 -9999.0
54794 20210917  2.623  -70.93   43.17    20.1    12.6    16.3    16.6     0.6     6.49 C    23.3    12.1    17.2    92.4    70.6    84.5   0.261   0.203 -99.000 -99.000 -99.000    18.2    18.1 -9999.0 -9999.0 -9999.0
54794 20210918  2.623  -70.93   43.17    25.8    16.6    21.2    19.5     2.2    13.28 C    31.3    16.6    21.3    93.2    64.1    86.0   0.255   0.201 -99.000 -99.000 -99.000    19.2    18.8 -9999.0 -9999.0 -9999.0
54794 20210919  2.623  -70.93   43.17    22.7    10.9    16.8    16.4     0.0    18.27 C    30.1     9.9    18.5    92.1    39.0    72.3   0.248   0.200 -99.000 -99.000 -99.000    18.4    18.4 -9999.0 -9999.0 -9999.0
54794 20210920  2.623  -70.93   43.17    21.3     9.1    15.2 -9999.0     0.0    16.72 C    27.3     8.2    16.0    92.8    51.9    77.6   0.241   0.191 -99.000 -99.000 -99.000    16.7    17.0 -9999.0 -9999.0 -9999.0
54794 20210921  2.623  -70.93   43.17    21.3     7.8    14.6    15.4 -9999.0    15.21 C    25.7     7.0    16.4    93.0    61.6    83.2   0.236   0.186 -99.000 -99.000 -99.000    16.2    16.4 -9999.0 -9999.0 -9999.0
54794 20210922  2.623  -70.93   43.17    24.2    16.0    20.1    19.9 -9999.0     8.52 C    28.9    16.0    20.5    93.0    71.5    85.3   0.234   0.182 -99.000 -99.000 -99.000    18.1    17.7 -9999.0 -9999.0 -9999.0
54794 20210923  2.623  -70.93   43.17    24.6    16.5    20.5    20.6     0.0    12.67 C    27.8    16.3    21.4    93.0    69.0    84.0   0.233   0.179 -99.000 -99.000 -99.000    18.9    18.4 -9999.0 -9999.0 -9999.0
54794 20210924  2.623  -70.93   43.17    23.6    17.1    20.4    20.7 -9999.0     6.30 C    25.9    16.8    20.9    90.6    77.1    85.4   0.230   0.175 -99.000 -99.000 -99.000    19.6    19.1 -9999.0 -9999.0 -9999.0
54794 20210925  2.623  -70.93   43.17    23.3    13.5    18.4    17.8 -9999.0    14.45 C    29.8    13.1    19.6    91.5    49.9    77.9   0.229   0.173 -99.000 -99.000 -99.000    18.8    18.6 -9999.0 -9999.0 -9999.0
54794 20210926  2.623  -70.93   43.17    22.3    11.3    16.8    16.7 -9999.0    15.08 C    28.1    10.7    18.2    92.4    40.7    72.5   0.231   0.175 -99.000 -99.000 -99.000    18.1    18.1 -9999.0 -9999.0 -9999.0
54794 20210927  2.623  -70.93   43.17    20.7     7.2    13.9    14.4 -9999.0    10.04 C    24.4     6.8    15.2    92.5    51.3    78.7   0.227   0.169 -99.000 -99.000 -99.000    16.3    16.6 -9999.0 -9999.0 -9999.0
54794 20210928  2.623  -70.93   43.17    18.3    11.5    14.9    14.7 -9999.0     3.41 C    21.0    11.3    14.9    93.4    76.7    87.0   0.225   0.167 -99.000 -99.000 -99.000    16.4    16.5 -9999.0 -9999.0 -9999.0
54794 20210929  2.623  -70.93   43.17    18.5     8.2    13.3    12.6 -9999.0    14.15 C    24.8     7.6    14.1    86.3    34.8    66.2   0.221   0.164 -99.000 -99.000 -99.000    15.6    15.8 -9999.0 -9999.0 -9999.0
54794 20210930  2.623  -70.93   43.17    15.8     6.4    11.1    10.8 -9999.0     7.77 C    20.6     5.5    11.4    91.5    52.2    78.8   0.218   0.162 -99.000 -99.000 -99.000    15.0    15.2 -9999.0 -9999.0 -9999.0
54794 20211001  2.623  -70.93   43.17    17.6     4.5    11.0    11.2 -9999.0    13.09 C    22.5     3.8    12.4    92.9    43.4    75.1   0.220   0.163 -99.000 -99.000 -99.000    13.7    14.1 -9999.0 -9999.0 -9999.0
54794 20211002  2.623  -70.93   43.17    17.6     9.1    13.3    12.9 -9999.0     5.74 C    20.2     8.9    13.5    90.9    57.7    79.6   0.217   0.160 -99.000 -99.000 -99.000    14.5    14.6 -9999.0 -9999.0 -9999.0
54794 20211003  2.623  -70.93   43.17    15.7    11.2    13.4    13.4 -9999.0     3.96 C    17.5    11.2    13.8    90.8    72.9    83.1   0.214   0.158 -99.000 -99.000 -99.000    15.0    15.0 -9999.0 -9999.0 -9999.0
54794 20211004  2.623  -70.93   43.17    14.7    11.3    13.0    12.6 -9999.0     4.47 C    16.7    11.1    12.7    91.9    70.3    85.2   0.222   0.166 -99.000 -99.000 -99.000    14.9    15.0 -9999.0 -9999.0 -9999.0
54794 20211005  2.623  -70.93   43.17    17.8     9.8    13.8    13.1 -9999.0    11.26 C    22.3     9.2    14.0    91.8    51.0    79.9   0.286   0.205 -99.000 -99.000 -99.000    14.8    14.8 -9999.0 -9999.0 -9999.0
54794 20211006  2.623  -70.93   43.17    21.8     7.5    14.6    13.9 -9999.0    12.12 C    29.6     7.0    15.7    92.9    49.8    80.7   0.257   0.187 -99.000 -99.000 -99.000    14.6    14.6 -9999.0 -9999.0 -9999.0
54794 20211007  2.623  -70.93   43.17    23.1     8.3    15.7    14.8 -9999.0    14.60 C    29.1     7.8    16.5    93.1    46.0    79.2   0.246   0.178 -99.000 -99.000 -99.000    14.4    14.5 -9999.0 -9999.0 -9999.0
54794 20211008  2.623  -70.93   43.17    22.1     9.2    15.7    14.1     0.0    13.75 C    26.9     8.5    15.1    93.2    46.6    78.5   0.236   0.171 -99.000 -99.000 -99.000    14.4    14.5 -9999.0 -9999.0 -9999.0
54794 20211009  2.623  -70.93   43.17    14.8     7.2    11.0    10.7     1.6     3.82 C    15.8     6.7    10.7    91.9    65.4    83.7   0.233   0.165 -99.000 -99.000 -99.000    13.7    14.0 -9999.0 -9999.0 -9999.0
54794 20211010  2.623  -70.93   43.17    17.3     8.3    12.8    12.9 -9999.0     6.21 C    20.4     7.9    13.3    91.7    67.5    84.5   0.230   0.162 -99.000 -99.000 -99.000    13.8    13.9 -9999.0 -9999.0 -9999.0
54794 20211011  2.623  -70.93   43.17    20.2     9.9    15.1    14.4 -9999.0     9.48 C    24.8     9.3    15.6    92.5    61.7    82.1   0.227   0.160 -99.000 -99.000 -99.000    14.4    14.4 -9999.0 -9999.0 -9999.0
54794 20211012  2.623  -70.93   43.17    24.0     8.0    16.0    15.2 -9999.0    12.13 C    30.5     7.6    16.6    93.2    44.5    79.6   0.222   0.156 -99.000 -99.000 -99.000    14.3    14.3 -9999.0 -9999.0 -9999.0
54794 20211013  2.623  -70.93   43.17    24.3     9.8    17.1    16.2 -9999.0    12.94 C    29.0     9.4    17.4    93.2    37.7    76.4   0.217   0.152 -99.000 -99.000 -99.000    14.7    14.7 -9999.0 -9999.0 -9999.0
54794 20211014  2.623  -70.93   43.17    24.5     9.5    17.0    16.7 -9999.0    10.11 C    30.3     9.0    18.0    93.3    51.8    79.7   0.213   0.148 -99.000 -99.000 -99.000    14.8    14.8 -9999.0 -9999.0 -9999.0
54794 20211015  2.623  -70.93   43.17    18.1    14.6    16.4    16.1 -9999.0     3.32 C    20.1    14.6    16.4    91.6    78.6    87.5   0.210   0.146 -99.000 -99.000 -99.000    15.7    15.5 -9999.0 -9999.0 -9999.0
54794 20211016  2.623  -70.93   43.17    24.2    14.7    19.4    19.4 -9999.0     8.50 C    27.6    14.0    19.8    92.2    56.3    78.2   0.210   0.145 -99.000 -99.000 -99.000    16.7    16.2 -9999.0 -9999.0 -9999.0
54794 20211017  2.623  -70.93   43.17    16.7     8.3    12.5    12.4 -9999.0     9.94 C    20.9     7.7    13.2    90.0    40.7    72.5   0.251   0.171 -99.000 -99.000 -99.000    15.5    15.6 -9999.0 -9999.0 -9999.0
54794 20211018  2.623  -70.93   43.17    14.4     6.7    10.5    10.4 -9999.0    11.40 C    19.1     6.2    11.5    87.6    40.9    64.1   0.237   0.161 -99.000 -99.000 -99.000    13.6    14.0 -9999.0 -9999.0 -9999.0
54794 20211019  2.623  -70.93   43.17    14.9     4.3     9.6     8.7 -9999.0     8.57 C    18.8     3.9     9.2    83.3    32.5    61.1   0.226   0.153 -99.000 -99.000 -99.000    12.3    12.9 -9999.0 -9999.0 -9999.0
54794 20211020  2.623  -70.93   43.17    20.5     4.2    12.3    11.6 -9999.0    11.03 C    26.8     4.0    13.0    90.1    37.5    71.5   0.220   0.146 -99.000 -99.000 -99.000    12.1    12.5 -9999.0 -9999.0 -9999.0
54794 20211021  2.623  -70.93   43.17    22.4     6.3    14.3    13.2 -9999.0     9.12 C    27.0     5.7    13.8    92.7    41.6    77.5   0.215   0.142 -99.000 -99.000 -99.000    12.8    13.0 -9999.0 -9999.0 -9999.0
54794 20211022  2.623  -70.93   43.17    21.1     7.7    14.4    13.9 -9999.0     7.77 C    24.7     7.4    14.2    93.3    48.9    74.9   0.209   0.139 -99.000 -99.000 -99.000    13.1    13.3 -9999.0 -9999.0 -9999.0
54794 20211023  2.623  -70.93   43.17    12.6     3.1     7.8     8.6 -9999.0     8.39 C    18.4     2.3     9.5    83.8    31.1    63.7   0.205   0.135 -99.000 -99.000 -99.000    12.3    12.7 -9999.0 -9999.0 -9999.0
54794 20211024  2.623  -70.93   43.17    13.4     0.5     7.0     6.9 -9999.0    11.94 C    18.2    -0.1     7.9    83.6    29.1    58.5   0.200   0.131 -99.000 -99.000 -99.000    10.3    11.0 -9999.0 -9999.0 -9999.0
54794 20211025  2.623  -70.93   43.17     8.5     5.4     6.9     6.7 -9999.0     0.84 C     8.4     5.3     6.5    91.5    79.7    89.0   0.225   0.148 -99.000 -99.000 -99.000    10.5    11.0 -9999.0 -9999.0 -9999.0
54794 20211026  2.623  -70.93   43.17    11.2     7.3     9.2     9.1 -9999.0     1.07 C    10.9     7.1     8.8    91.4    86.8    89.5   0.305   0.201 -99.000 -99.000 -99.000    10.9    11.1 -9999.0 -9999.0 -9999.0
54794 20211027  2.623  -70.93   43.17    11.2     7.3     9.3     8.9 -9999.0     3.18 C    10.8     6.9     8.6    87.4    57.5    77.1   0.340   0.243 -99.000 -99.000 -99.000    10.8    11.0 -9999.0 -9999.0 -9999.0
54794 20211028  2.623  -70.93   43.17    10.8     1.9     6.3     6.3 -9999.0     6.48 C    16.3     0.9     6.7    91.2    51.0    70.9   0.311   0.223 -99.000 -99.000 -99.000    10.1    10.5 -9999.0 -9999.0 -9999.0
54794 20211029  2.623  -70.93   43.17    11.3    -0.8     5.2     5.4 -9999.0     7.98 C    15.6    -0.6     5.7    91.5    56.0    80.5   0.298   0.212 -99.000 -99.000 -99.000     8.8     9.4 -9999.0 -9999.0 -9999.0
54794 20211030  2.623  -70.93   43.17    12.8     7.4    10.1    10.7    32.9     1.43 C    12.6     7.2    10.5    92.0    80.0    89.8   0.335   0.243 -99.000 -99.000 -99.000    10.4    10.5 -9999.0 -9999.0 -9999.0
54794 20211031  2.623  -70.93   43.17    18.6    10.1    14.3    13.9    24.7     7.70 C    22.0     9.9    14.2    91.7    54.1    75.3   0.342   0.251 -99.000 -99.000 -99.000    12.2    11.9 -9999.0 -9999.0 -9999.0
54794 20211101  2.623  -70.93   43.17    15.0     3.4     9.2    10.6     0.0    10.68 C    18.7     3.3    11.3    76.8    24.7    53.5   0.310   0.224 -99.000 -99.000 -99.000    11.1    11.4 -9999.0 -9999.0 -9999.0
54794 20211102  2.623  -70.93   43.17    12.4     1.8     7.1     7.0     0.0     7.27 C    15.5     1.8     7.5    88.9    36.0    65.5   0.299   0.215 -99.000 -99.000 -99.000     9.7    10.2 -9999.0 -9999.0 -9999.0
54794 20211103  2.623  -70.93   43.17    10.8    -1.3     4.8     4.4     0.0     8.63 C    15.6    -1.8     5.4    88.8    35.5    66.4   0.293   0.209 -99.000 -99.000 -99.000     8.6     9.3 -9999.0 -9999.0 -9999.0
54794 20211104  2.623  -70.93   43.17     9.1    -3.6     2.7     2.7     0.0    10.17 C    15.0    -4.6     4.0    91.5    31.8    67.7   0.289   0.204 -99.000 -99.000 -99.000     7.2     8.0 -9999.0 -9999.0 -9999.0
54794 20211105  2.623  -70.93   43.17     9.3    -3.1     3.1     2.9     0.0    10.11 C    14.5    -3.5     4.0    87.7    24.5    60.6   0.285   0.199 -99.000 -99.000 -99.000     7.0     7.8 -9999.0 -9999.0 -9999.0
54794 20211106  2.623  -70.93   43.17    11.4    -4.9     3.2     2.0     0.0    10.03 C    17.7    -5.6     3.4    89.0    30.4    67.9   0.281   0.196 -99.000 -99.000 -99.000     5.9     6.8 -9999.0 -9999.0 -9999.0
54794 20211107  2.623  -70.93   43.17    12.8    -5.0     3.9     2.7     0.0    10.15 C    18.9    -5.9     3.8    90.3    29.0    71.3   0.278   0.193 -99.000 -99.000 -99.000     5.6     6.4 -9999.0 -9999.0 -9999.0
54794 20211108  2.623  -70.93   43.17    16.8    -1.4     7.7     6.3     0.0     9.15 C    22.1    -1.9     7.5    90.1    36.0    69.6   0.273   0.190 -99.000 -99.000 -99.000     6.2     6.7 -9999.0 -9999.0 -9999.0
54794 20211109  2.623  -70.93   43.17    20.0    -0.8     9.6     9.2     0.0     8.75 C    26.1    -1.6    10.4    92.7    36.3    70.4   0.266   0.187 -99.000 -99.000 -99.000     7.1     7.4 -9999.0 -9999.0 -9999.0
54794 20211110  2.623  -70.93   43.17    14.1     0.6     7.3     8.9     3.7     4.47 C    18.6     0.2     9.0    85.3    35.3    65.5   0.262   0.185 -99.000 -99.000 -99.000     8.7     8.8 -9999.0 -9999.0 -9999.0
54794 20211111  2.623  -70.93   43.17    11.7    -1.7     5.0     5.4     0.0     8.43 C    16.3    -2.0     6.1    88.8    32.9    66.2   0.260   0.184 -99.000 -99.000 -99.000     7.1     7.6 -9999.0 -9999.0 -9999.0
54794 20211112  2.623  -70.93   43.17    13.9     8.1    11.0    11.2    24.8     0.26 C    13.4     7.2    10.8    92.8    64.9    81.0   0.306   0.219 -99.000 -99.000 -99.000     9.1     9.0 -9999.0 -9999.0 -9999.0
54794 20211113  2.623  -70.93   43.17 -9999.0 -9999.0 -9999.0 -9999.0 -9999.0 -9999.00 U -9999.0 -9999.0 -9999.0 -9999.0 -9999.0 -9999.0 -99.000 -99.000 -99.000 -99.000 -99.000 -9999.0 -9999.0 -9999.0 -9999.0 -9999.0
54794 20211114  2.623  -70.93   43.17    10.1     1.6     5.8     5.8     0.0     6.20 C    13.4     1.1     5.9    82.5    40.1    62.7   0.321   0.235 -99.000 -99.000 -99.000     8.1     8.5 -9999.0 -9999.0 -9999.0
54794 20211115  2.623  -70.93   43.17     7.6     2.1     4.8     4.6     2.1     5.59 C    10.2     1.3     4.6    91.8    50.9    75.0   0.319   0.232 -99.000 -99.000 -99.000     7.7     8.1 -9999.0 -9999.0 -9999.0
54794 20211116  2.623  -70.93   43.17     7.6    -1.6     3.0     3.2     0.0     7.45 C    10.7    -2.5     3.3    78.9    36.4    54.9   0.309   0.223 -99.000 -99.000 -99.000     6.4     7.0 -9999.0 -9999.0 -9999.0
54794 20211117  2.623  -70.93   43.17     7.4    -3.9     1.8     2.5     0.0     5.78 C     8.7    -4.7     2.7    78.8    44.1    61.8   0.300   0.218 -99.000 -99.000 -99.000     5.3     6.0 -9999.0 -9999.0 -9999.0
54794 20211118  2.623  -70.93   43.17    20.1     2.7    11.4    12.0     0.6     6.89 C    21.8     2.2    12.2    89.3    47.1    68.0   0.296   0.214 -99.000 -99.000 -99.000     7.8     7.6 -9999.0 -9999.0 -9999.0
54794 20211119  2.623  -70.93   43.17     8.4     0.6     4.5     4.5     2.7     6.32 C    10.7     0.0     4.6    90.2    41.3    63.2   0.310   0.223 -99.000 -99.000 -99.000     7.8     8.1 -9999.0 -9999.0 -9999.0
54794 20211120  2.623  -70.93   43.17     6.6    -2.9     1.9     1.9     0.0     8.43 C    11.5    -2.8     2.6    73.6    28.0    54.1   0.303   0.220 -99.000 -99.000 -99.000     5.8     6.4 -9999.0 -9999.0 -9999.0
54794 20211121  2.623  -70.93   43.17     7.4    -1.8     2.8     3.0     2.2     3.40 C    11.0    -2.5     3.2    90.2    58.2    75.6   0.301   0.215 -99.000 -99.000 -99.000     5.7     6.1 -9999.0 -9999.0 -9999.0
54794 20211122  2.623  -70.93   43.17    10.3     0.6     5.5     7.7     3.5     2.70 C    11.2    -0.3     7.3    92.2    48.9    74.5   0.327   0.241 -99.000 -99.000 -99.000     7.3     7.3 -9999.0 -9999.0 -9999.0
54794 20211123  2.623  -70.93   43.17     2.8    -3.4    -0.3    -0.7     0.0     8.00 C     6.9    -4.0    -0.3    67.9    33.0    49.4   0.315   0.231 -99.000 -99.000 -99.000     5.0     5.8 -9999.0 -9999.0 -9999.0
54794 20211124  2.623  -70.93   43.17     5.1    -3.6     0.7    -0.2     0.0     8.24 C     8.6    -4.3     0.1    62.6    23.2    41.1   0.307   0.225 -99.000 -99.000 -99.000     3.7     4.4 -9999.0 -9999.0 -9999.0
54794 20211125  2.623  -70.93   43.17    11.8    -5.2     3.3     2.8     0.0     6.38 C    16.1    -5.5     3.6    79.0    31.3    58.0   0.302   0.220 -99.000 -99.000 -99.000     3.7     4.2 -9999.0 -9999.0 -9999.0
54794 20211126  2.623  -70.93   43.17     6.8     1.4     4.1     4.7     5.4     1.99 C     8.2     0.8     4.6    88.0    56.3    74.0   0.307   0.228 -99.000 -99.000 -99.000     5.6     5.7 -9999.0 -9999.0 -9999.0
54794 20211127  2.623  -70.93   43.17     1.8    -3.3    -0.8    -0.4     0.3     4.00 C     3.1    -4.1    -0.6    85.9    52.2    60.7   0.329   0.251 -99.000 -99.000 -99.000     4.5     5.0 -9999.0 -9999.0 -9999.0
54794 20211128  2.623  -70.93   43.17     1.6    -4.3    -1.3    -1.4     0.0     5.33 C     4.5    -4.8    -1.2    61.0    32.6    48.3   0.316   0.240 -99.000 -99.000 -99.000     3.2     3.8 -9999.0 -9999.0 -9999.0
54794 20211129  2.623  -70.93   43.17     4.3    -4.1     0.1     0.0     0.0     6.48 C     8.7    -4.9     0.5    63.2    33.9    48.7   0.312   0.234 -99.000 -99.000 -99.000     3.7     4.1 -9999.0 -9999.0 -9999.0
54794 20211130  2.623  -70.93   43.17     3.5    -7.4    -2.0    -1.3     0.0     6.88 C     6.4    -8.0    -0.9    69.9    39.4    55.5   0.307   0.228 -99.000 -99.000 -99.000     2.6     3.3 -9999.0 -9999.0 -9999.0
54794 20211201  2.623  -70.93   43.17     7.4    -3.6     1.9     0.9     0.0     5.22 C    10.2    -4.5     0.9    84.9    38.7    66.6   0.304   0.226 -99.000 -99.000 -99.000     3.1     3.5 -9999.0 -9999.0 -9999.0
54794 20211202  2.623  -70.93   43.17     9.6    -2.2     3.7     3.6     5.7     1.62 C     9.6    -2.5     3.4    92.2    74.5    85.4   0.326   0.246 -99.000 -99.000 -99.000     3.8     4.0 -9999.0 -9999.0 -9999.0
54794 20211203  2.623  -70.93   43.17     6.5    -2.4     2.0     1.8     0.0     6.18 C     6.9    -3.3     1.8    79.6    26.0    47.5   0.327   0.248 -99.000 -99.000 -99.000     4.2     4.5 -9999.0 -9999.0 -9999.0
54794 20211204  2.623  -70.93   43.17     3.0    -7.1    -2.0    -1.6     0.0     6.60 C     6.7    -8.0    -1.3    75.5    32.4    51.1   0.314   0.238 -99.000 -99.000 -99.000     2.2     2.9 -9999.0 -9999.0 -9999.0
54794 20211205  2.623  -70.93   43.17     4.9    -4.4     0.2    -0.2     0.0     5.12 C     8.9    -5.0    -0.1    85.1    40.6    67.3   0.309   0.230 -99.000 -99.000 -99.000     2.1     2.6 -9999.0 -9999.0 -9999.0
54794 20211206  2.623  -70.93   43.17    14.4     0.0     7.2     8.0     8.2     1.25 C    13.5     0.0     7.6    93.1    53.7    78.8   0.329   0.250 -99.000 -99.000 -99.000     4.2     4.0 -9999.0 -9999.0 -9999.0
54794 20211207  2.623  -70.93   43.17     6.4    -4.2     1.1     2.0     0.0     6.33 C     8.6    -5.0     2.0    71.1    27.5    43.0   0.334   0.254 -99.000 -99.000 -99.000     4.4     4.7 -9999.0 -9999.0 -9999.0
54794 20211208  2.623  -70.93   43.17    -1.6    -4.9    -3.3    -3.3     0.0     2.57 C    -0.6    -5.4    -3.4    80.9    56.3    70.6   0.321   0.239 -99.000 -99.000 -99.000     2.6     3.1 -9999.0 -9999.0 -9999.0
54794 20211209  2.623  -70.93   43.17     2.1    -7.3    -2.6    -2.7     0.0     6.26 C     5.5    -8.2    -2.3    86.0    41.7    60.5   0.315   0.233 -99.000 -99.000 -99.000     2.0     2.5 -9999.0 -9999.0 -9999.0
54794 20211210  2.623  -70.93   43.17    -1.1    -5.9    -3.5    -3.3     0.0     1.65 C    -0.2    -6.8    -3.3    78.8    60.9    70.4   0.311   0.229 -99.000 -99.000 -99.000     1.7     2.2 -9999.0 -9999.0 -9999.0
54794 20211211  2.623  -70.93   43.17    15.9    -1.8     7.0     2.9    24.4     0.66 C    14.8    -2.0     2.7    94.1    74.3    87.0   0.333   0.252 -99.000 -99.000 -99.000     2.6     2.7 -9999.0 -9999.0 -9999.0
54794 20211212  2.623  -70.93   43.17    12.9     1.1     7.0     5.2     0.0     6.84 C    12.0     0.3     5.3    83.6    21.5    40.5   0.336   0.255 -99.000 -99.000 -99.000     4.2     4.2 -9999.0 -9999.0 -9999.0
54794 20211213  2.623  -70.93   43.17     9.9     0.0     5.0     4.5     0.0     3.55 C    12.4    -1.0     4.0    55.7    28.6    41.0   0.321   0.239 -99.000 -99.000 -99.000     3.1     3.4 -9999.0 -9999.0 -9999.0
54794 20211214  2.623  -70.93   43.17     8.3    -3.0     2.7     4.1     0.0     7.03 C    11.7    -3.7     4.0    66.2    24.2    40.0   0.315   0.233 -99.000 -99.000 -99.000     2.9     3.3 -9999.0 -9999.0 -9999.0
54794 20211215  2.623  -70.93   43.17     4.3    -4.6    -0.2     0.1     1.4     5.27 C     8.8    -5.2     0.5    87.4    28.1    58.7   0.311   0.228 -99.000 -99.000 -99.000     2.3     2.7 -9999.0 -9999.0 -9999.0
54794 20211216  2.623  -70.93   43.17     9.6     3.1     6.3     5.2    15.7     2.22 C     9.2     2.9     5.1    94.0    74.6    91.7   0.347   0.267 -99.000 -99.000 -99.000     4.1     4.0 -9999.0 -9999.0 -9999.0
54794 20211217  2.623  -70.93   43.17    13.2     2.9     8.0     9.5     0.0     7.03 C    14.6     2.3     9.2    74.8    21.8    40.9   0.325   0.244 -99.000 -99.000 -99.000     4.7     4.7 -9999.0 -9999.0 -9999.0
54794 20211218  2.623  -70.93   43.17     4.5    -1.7     1.4     0.9    10.0     1.78 C     4.5    -1.9     0.8    90.7    45.5    66.8   0.317   0.235 -99.000 -99.000 -99.000     4.0     4.2 -9999.0 -9999.0 -9999.0
54794 20211219  2.623  -70.93   43.17     1.8    -7.6    -2.9    -2.5     5.0     5.77 C     8.1    -9.2    -2.1    90.1    59.0    75.9   0.318   0.238 -99.000 -99.000 -99.000     3.7     3.9 -9999.0 -9999.0 -9999.0
54794 20211220  2.623  -70.93   43.17    -2.1   -11.5    -6.8    -6.6     0.0     6.69 C     4.0   -13.2    -6.2    85.2    44.1    67.9   0.316   0.235 -99.000 -99.000 -99.000     2.6     3.1 -9999.0 -9999.0 -9999.0
54794 20211221  2.623  -70.93   43.17     4.7    -5.3    -0.3    -1.6     0.0     6.36 C     8.7    -6.6    -1.6    90.0    47.7    67.1   0.313   0.233 -99.000 -99.000 -99.000     2.3     2.6 -9999.0 -9999.0 -9999.0
54794 20211222  2.623  -70.93   43.17     3.9    -4.6    -0.4     0.1     9.3     1.70 C     5.3    -6.3    -0.3    91.6    49.2    78.8   0.335   0.255 -99.000 -99.000 -99.000     2.2     2.5 -9999.0 -9999.0 -9999.0
54794 20211223  2.623  -70.93   43.17     0.1    -8.3    -4.1    -4.3     0.0     6.95 C     0.9    -9.7    -4.3    59.5    24.4    36.7   0.327   0.246 -99.000 -99.000 -99.000     1.8     2.1 -9999.0 -9999.0 -9999.0
54794 20211224  2.623  -70.93   43.17    -3.3    -8.8    -6.0    -5.8     0.0     2.32 C    -2.1    -9.3    -5.9    82.9    39.6    55.6   0.316   0.234 -99.000 -99.000 -99.000     1.1     1.6 -9999.0 -9999.0 -9999.0
54794 20211225  2.623  -70.93   43.17    -0.6    -7.6    -4.1    -3.0     9.6     0.88 C    -0.1    -8.4    -2.9    90.6    81.1    86.8   0.323   0.241 -99.000 -99.000 -99.000     1.1     1.4 -9999.0 -9999.0 -9999.0
54794 20211226  2.623  -70.93   43.17     0.7    -1.8    -0.6    -0.8     6.8     1.82 C     1.6    -2.4    -1.0    90.1    76.9    85.3   0.338   0.259 -99.000 -99.000 -99.000     1.5     1.7 -9999.0 -9999.0 -9999.0
54794 20211227  2.623  -70.93   43.17    -0.2    -6.4    -3.3    -2.5     0.0     4.04 C     4.1    -7.6    -2.1    91.3    75.2    82.3   0.329   0.249 -99.000 -99.000 -99.000     1.9     2.0 -9999.0 -9999.0 -9999.0
54794 20211228  2.623  -70.93   43.17     3.7    -3.5     0.1    -0.1     1.6     3.94 C    11.2    -4.0     0.5    91.4    80.1    88.6   0.327   0.246 -99.000 -99.000 -99.000     2.1     2.2 -9999.0 -9999.0 -9999.0
54794 20211229  2.623  -70.93   43.17     3.8    -0.8     1.5     1.3     1.1     4.15 C     9.7    -1.2     1.8    92.6    57.8    82.5   0.334   0.254 -99.000 -99.000 -99.000     2.2     2.4 -9999.0 -9999.0 -9999.0
54794 20211230  2.623  -70.93   43.17     3.3     0.1     1.7     1.4     1.0     2.41 C     5.2     0.1     1.5    93.9    90.8    92.7   0.349   0.271 -99.000 -99.000 -99.000     2.3     2.4 -9999.0 -9999.0 -9999.0
54794 20211231  2.623  -70.93   43.17     3.7     0.4     2.0     1.7     1.2     2.17 C     5.1     0.3     1.9    93.7    88.9    92.4   0.352   0.273 -99.000 -99.000 -99.000     2.3     2.5 -9999.0 -9999.0 -9999.0
